{"0": {"num_nodes": 40, "edges": [[0, 1, 0.7796336778921276], [0, 2, 0.8144968987776868], [0, 3, 0.8359783501545128], [0, 4, 0.7596368949738534], [0, 5, 0.8894802757792077], [0, 6, 0.6171544635942787], [0, 7, 0.7325863669337367], [0, 8, 0.5595280041274471], [0, 9, 0.6456961147821851], [0, 10, 0.6063259072433024], [0, 11, 0.7152288936099085], [0, 12, 0.592047001709254], [0, 13, 0.6256001853447961], [0, 14, 0.5876712693841364], [0, 15, 0.9587925587123749], [0, 16, 0.6528553384775665], [0, 17, 0.5264063312722957], [0, 18, 0.7998882778928613], [0, 19, 0.5283498440451984], [0, 20, 0.5058435474737982], [0, 21, 0.8948689466744686], [0, 22, 0.8357925599769402], [0, 23, 0.7073222493975786], [0, 24, 0.6677760994462503], [0, 25, 0.9613759140482889], [0, 26, 0.9306295953201498], [0, 27, 0.7887511792398882], [0, 28, 0.7748675994657717], [0, 29, 0.5516087220494612], [0, 30, 0.9207887225436846], [0, 31, 0.6416698967131378], [0, 32, 0.6556461552217537], [0, 33, 0.5076092672010919], [0, 34, 0.773198037820994], [0, 35, 0.5795718394893858], [0, 36, 0.5923615553438266], [0, 37, 0.7961744800296335], [0, 38, 0.6203975468335994], [0, 39, 0.977489364074613], [1, 0, 0.7796336778921276], [1, 2, 0.5593778365436414], [1, 3, 0.8276192961999266], [1, 4, 0.7220156596140712], [1, 5, 0.7325914887690883], [1, 6, 0.8019116492652959], [1, 7, 0.8241397535658397], [1, 8, 0.8226641577762541], [1, 9, 0.7052244156184393], [1, 10, 0.6332569780555557], [1, 11, 0.6494198637083728], [1, 12, 0.7611449055514], [1, 13, 0.6064631395615205], [1, 14, 0.875246764804128], [1, 15, 0.534786488046795], [1, 16, 0.8394162629655331], [1, 17, 0.8393565819290445], [1, 18, 0.7383165797419389], [1, 19, 0.6357393772834018], [1, 20, 0.6499306508726799], [1, 21, 0.7963683838190113], [1, 22, 0.7957552906733025], [1, 23, 0.8825947251954716], [1, 24, 0.9850750992355961], [1, 25, 0.7658355574116632], [1, 26, 0.9429536009377664], [1, 27, 0.9003453435163672], [1, 28, 0.9039365664496506], [1, 29, 0.7823064462140478], [1, 30, 0.7970967146545981], [1, 31, 0.692981186121794], [1, 32, 0.8352457002963228], [1, 33, 0.7038412838377626], [1, 34, 0.7714317814235816], [1, 35, 0.6366028933920755], [1, 36, 0.5133766689782961], [1, 37, 0.9489839580239381], [1, 38, 0.9162510737913079], [1, 39, 0.9486897661586828], [2, 0, 0.8144968987776868], [2, 1, 0.5593778365436414], [2, 3, 0.9847736654679586], [2, 4, 0.9888202672312714], [2, 5, 0.6607834769211054], [2, 6, 0.5773835537072298], [2, 7, 0.9563255813913721], [2, 8, 0.599884366423543], [2, 9, 0.8815656138292736], [2, 10, 0.5202404958470377], [2, 11, 0.6598678208071407], [2, 12, 0.9751937050299303], [2, 13, 0.6140951995453412], [2, 14, 0.9296045468405905], [2, 15, 0.5728610321610648], [2, 16, 0.8997517442926062], [2, 17, 0.9225917580290827], [2, 18, 0.5849419149327029], [2, 19, 0.9463146698591313], [2, 20, 0.5986697031216066], [2, 21, 0.5480816759536167], [2, 22, 0.5839982762370086], [2, 23, 0.9757483543099104], [2, 24, 0.7065791543839934], [2, 25, 0.5741215662455299], [2, 26, 0.7287928334680811], [2, 27, 0.6894451102449339], [2, 28, 0.7208830373364358], [2, 29, 0.7323076566896785], [2, 30, 0.6246052837455953], [2, 31, 0.789277890461791], [2, 32, 0.6456186217308868], [2, 33, 0.9379439589742697], [2, 34, 0.9460291278357977], [2, 35, 0.6666615143223014], [2, 36, 0.9282291656569412], [2, 37, 0.9724836889327945], [2, 38, 0.5706249409867692], [2, 39, 0.8980470923020678], [3, 0, 0.8359783501545128], [3, 1, 0.8276192961999266], [3, 2, 0.9847736654679586], [3, 4, 0.9765907723958109], [3, 5, 0.8542090406244032], [3, 6, 0.530315119571142], [3, 7, 0.7255098349092615], [3, 8, 0.7489062925424477], [3, 9, 0.7986992963989779], [3, 10, 0.6662893061009092], [3, 11, 0.6665215183092557], [3, 12, 0.7991114122558118], [3, 13, 0.779783036653015], [3, 14, 0.9583478817032837], [3, 15, 0.9393552478204301], [3, 16, 0.706706145494206], [3, 17, 0.6557461413336882], [3, 18, 0.889662274676247], [3, 19, 0.9550713598602152], [3, 20, 0.6506834002960296], [3, 21, 0.6874409577341564], [3, 22, 0.7412190304242576], [3, 23, 0.79117686821919], [3, 24, 0.6329837541430996], [3, 25, 0.9706098067501396], [3, 26, 0.6445440621610556], [3, 27, 0.5959907174305729], [3, 28, 0.7045992287634855], [3, 29, 0.862112018804376], [3, 30, 0.8171194980008355], [3, 31, 0.9592180190838134], [3, 32, 0.5381842331175228], [3, 33, 0.5564738438849441], [3, 34, 0.7743417460051709], [3, 35, 0.5007589188912406], [3, 36, 0.9267366725927748], [3, 37, 0.7739858925981097], [3, 38, 0.9739981237416646], [3, 39, 0.717049425238619], [4, 0, 0.7596368949738534], [4, 1, 0.7220156596140712], [4, 2, 0.9888202672312714], [4, 3, 0.9765907723958109], [4, 5, 0.7911427310108634], [4, 6, 0.5337470465156735], [4, 7, 0.6330552584377016], [4, 8, 0.9994753307677879], [4, 9, 0.516717964935655], [4, 10, 0.7697401523906899], [4, 11, 0.5604967207768465], [4, 12, 0.6190306416131948], [4, 13, 0.9338908454793415], [4, 14, 0.9283137871131226], [4, 15, 0.9937292806616216], [4, 16, 0.6957770640742733], [4, 17, 0.6872059656233866], [4, 18, 0.5142335471007304], [4, 19, 0.5519116491242553], [4, 20, 0.8618395843847371], [4, 21, 0.5617805842212742], [4, 22, 0.6096503880118365], [4, 23, 0.6486021854646294], [4, 24, 0.8801656593575453], [4, 25, 0.9157531636965852], [4, 26, 0.525537053827164], [4, 27, 0.6297295889691183], [4, 28, 0.7991816172129932], [4, 29, 0.5148349128555711], [4, 30, 0.6932158898103622], [4, 31, 0.9185405254656689], [4, 32, 0.8376410766743314], [4, 33, 0.6831501762853419], [4, 34, 0.5187409799087808], [4, 35, 0.7744594056798204], [4, 36, 0.6094287544698427], [4, 37, 0.7314188292421964], [4, 38, 0.77203751579518], [4, 39, 0.7550595608942063], [5, 0, 0.8894802757792077], [5, 1, 0.7325914887690883], [5, 2, 0.6607834769211054], [5, 3, 0.8542090406244032], [5, 4, 0.7911427310108634], [5, 6, 0.6380808002487715], [5, 7, 0.739735638656402], [5, 8, 0.6475141066326109], [5, 9, 0.9743071557022629], [5, 10, 0.8409358536194118], [5, 11, 0.7233502542458599], [5, 12, 0.7062268760877553], [5, 13, 0.8750049945036666], [5, 14, 0.8520916450659637], [5, 15, 0.665118985831201], [5, 16, 0.5336549712282797], [5, 17, 0.7531046075380547], [5, 18, 0.6183282922598228], [5, 19, 0.8248014078691756], [5, 20, 0.6077504811348812], [5, 21, 0.7105475864289406], [5, 22, 0.8881220055897345], [5, 23, 0.8221772464507454], [5, 24, 0.6581622931276596], [5, 25, 0.9248889320046036], [5, 26, 0.8670263317985907], [5, 27, 0.816223039926387], [5, 28, 0.9209696890217198], [5, 29, 0.5987591801268151], [5, 30, 0.5661903763090346], [5, 31, 0.9936085323405676], [5, 32, 0.7774543876270485], [5, 33, 0.7909038901158818], [5, 34, 0.6739751551865276], [5, 35, 0.6733506375058227], [5, 36, 0.9050828080182987], [5, 37, 0.9660544190417935], [5, 38, 0.5336232655883502], [5, 39, 0.6253997926956163], [6, 0, 0.6171544635942787], [6, 1, 0.8019116492652959], [6, 2, 0.5773835537072298], [6, 3, 0.530315119571142], [6, 4, 0.5337470465156735], [6, 5, 0.6380808002487715], [6, 7, 0.9454775166778041], [6, 8, 0.5713259393527198], [6, 9, 0.6435312110288827], [6, 10, 0.6946320829610163], [6, 11, 0.7195371757915792], [6, 12, 0.7571818173227958], [6, 13, 0.6120764186437684], [6, 14, 0.9278270430603227], [6, 15, 0.530554507716368], [6, 16, 0.9656985157058868], [6, 17, 0.5841837620480703], [6, 18, 0.985977733101322], [6, 19, 0.5303685483154191], [6, 20, 0.5510428474290736], [6, 21, 0.5436407583212278], [6, 22, 0.9012739743773152], [6, 23, 0.7751221092566529], [6, 24, 0.9870437208162706], [6, 25, 0.8926381888267527], [6, 26, 0.8077123282656151], [6, 27, 0.6050185745315134], [6, 28, 0.5700304018761645], [6, 29, 0.9974826378950452], [6, 30, 0.9046551816395336], [6, 31, 0.5595983149891457], [6, 32, 0.8932369379830148], [6, 33, 0.8279287545827141], [6, 34, 0.7674945483223108], [6, 35, 0.6716344083355538], [6, 36, 0.6404616288793412], [6, 37, 0.6935507848917544], [6, 38, 0.8614766461896687], [6, 39, 0.5742223544648033], [7, 0, 0.7325863669337367], [7, 1, 0.8241397535658397], [7, 2, 0.9563255813913721], [7, 3, 0.7255098349092615], [7, 4, 0.6330552584377016], [7, 5, 0.739735638656402], [7, 6, 0.9454775166778041], [7, 8, 0.639958763873798], [7, 9, 0.8003566514158145], [7, 10, 0.8875366169021148], [7, 11, 0.8709864194478433], [7, 12, 0.7132686512765543], [7, 13, 0.5582093822562921], [7, 14, 0.9023872591395261], [7, 15, 0.8571272592418677], [7, 16, 0.7666421051873581], [7, 17, 0.9425522697734379], [7, 18, 0.8058997192991189], [7, 19, 0.8435239097375649], [7, 20, 0.7393652849397476], [7, 21, 0.6950611290903852], [7, 22, 0.5457261677494509], [7, 23, 0.7212599663491293], [7, 24, 0.8528399029743188], [7, 25, 0.7723398131972901], [7, 26, 0.7967616192839864], [7, 27, 0.9971765834826941], [7, 28, 0.5694893807509054], [7, 29, 0.8711432844583775], [7, 30, 0.9226372024468812], [7, 31, 0.8326909509301923], [7, 32, 0.58511494992069], [7, 33, 0.8497937882022586], [7, 34, 0.6920276313676472], [7, 35, 0.578089469229536], [7, 36, 0.6627139904500439], [7, 37, 0.6669700523708237], [7, 38, 0.5187838169178691], [7, 39, 0.8624749661851796], [8, 0, 0.5595280041274471], [8, 1, 0.8226641577762541], [8, 2, 0.599884366423543], [8, 3, 0.7489062925424477], [8, 4, 0.9994753307677879], [8, 5, 0.6475141066326109], [8, 6, 0.5713259393527198], [8, 7, 0.639958763873798], [8, 9, 0.9843993618096372], [8, 10, 0.7841463104918945], [8, 11, 0.8381690056445243], [8, 12, 0.8142740959848104], [8, 13, 0.7095066282178155], [8, 14, 0.9219046281036214], [8, 15, 0.5935980394004421], [8, 16, 0.5574854590984557], [8, 17, 0.7814200999688494], [8, 18, 0.6324010288592039], [8, 19, 0.8657195761079013], [8, 20, 0.9647698363309654], [8, 21, 0.6445278119287794], [8, 22, 0.9854461200895648], [8, 23, 0.8966910775974943], [8, 24, 0.8727550956138382], [8, 25, 0.7688518296189459], [8, 26, 0.6442311180568182], [8, 27, 0.6044288084666448], [8, 28, 0.7808989568737288], [8, 29, 0.9349797519058967], [8, 30, 0.5157926137577248], [8, 31, 0.8996658017457522], [8, 32, 0.7388553110924792], [8, 33, 0.9583146618629779], [8, 34, 0.5873540146293292], [8, 35, 0.6107078267282509], [8, 36, 0.992170659762875], [8, 37, 0.6283439498607761], [8, 38, 0.7235827430810776], [8, 39, 0.6197271062987308], [9, 0, 0.6456961147821851], [9, 1, 0.7052244156184393], [9, 2, 0.8815656138292736], [9, 3, 0.7986992963989779], [9, 4, 0.516717964935655], [9, 5, 0.9743071557022629], [9, 6, 0.6435312110288827], [9, 7, 0.8003566514158145], [9, 8, 0.9843993618096372], [9, 10, 0.6349781288773031], [9, 11, 0.7521277260255463], [9, 12, 0.5953307395503874], [9, 13, 0.8493787721012338], [9, 14, 0.9925642100672956], [9, 15, 0.9887699887886624], [9, 16, 0.6184842586988974], [9, 17, 0.720570408844796], [9, 18, 0.6293859747001556], [9, 19, 0.8218733144316175], [9, 20, 0.9482928665551874], [9, 21, 0.8996456185391634], [9, 22, 0.6988019601414435], [9, 23, 0.9194540929885056], [9, 24, 0.8096048474792437], [9, 25, 0.7558462942504418], [9, 26, 0.8898551760149072], [9, 27, 0.7902699470889026], [9, 28, 0.7470731641611847], [9, 29, 0.9576575983636699], [9, 30, 0.8063884310768709], [9, 31, 0.9427781210907671], [9, 32, 0.9628146653533203], [9, 33, 0.7395331860881789], [9, 34, 0.6328853374156063], [9, 35, 0.50722367808676], [9, 36, 0.8446978664712561], [9, 37, 0.9744708541404528], [9, 38, 0.667385111722542], [9, 39, 0.8641681049931682], [10, 0, 0.6063259072433024], [10, 1, 0.6332569780555557], [10, 2, 0.5202404958470377], [10, 3, 0.6662893061009092], [10, 4, 0.7697401523906899], [10, 5, 0.8409358536194118], [10, 6, 0.6946320829610163], [10, 7, 0.8875366169021148], [10, 8, 0.7841463104918945], [10, 9, 0.6349781288773031], [10, 11, 0.7846332024116089], [10, 12, 0.7398681849764531], [10, 13, 0.8565603337820202], [10, 14, 0.6113477503223097], [10, 15, 0.9635221666164929], [10, 16, 0.9829452065329443], [10, 17, 0.8942202287984449], [10, 18, 0.7459667201091305], [10, 19, 0.6230362737442139], [10, 20, 0.6800493360152802], [10, 21, 0.8603968193451212], [10, 22, 0.8785205130843181], [10, 23, 0.7822632885903001], [10, 24, 0.7459282249098473], [10, 25, 0.8171549562812339], [10, 26, 0.7448674393702597], [10, 27, 0.5773383042545073], [10, 28, 0.5740291144651961], [10, 29, 0.9464571049022806], [10, 30, 0.7790203165273315], [10, 31, 0.6446920157871592], [10, 32, 0.695115135384031], [10, 33, 0.7281804414746572], [10, 34, 0.9746431778877926], [10, 35, 0.9787292040436946], [10, 36, 0.6747903576178209], [10, 37, 0.9319862242950245], [10, 38, 0.7913824372999414], [10, 39, 0.6950190677375108], [11, 0, 0.7152288936099085], [11, 1, 0.6494198637083728], [11, 2, 0.6598678208071407], [11, 3, 0.6665215183092557], [11, 4, 0.5604967207768465], [11, 5, 0.7233502542458599], [11, 6, 0.7195371757915792], [11, 7, 0.8709864194478433], [11, 8, 0.8381690056445243], [11, 9, 0.7521277260255463], [11, 10, 0.7846332024116089], [11, 12, 0.685762220890099], [11, 13, 0.7374252357236253], [11, 14, 0.5897727989290287], [11, 15, 0.8296332597972782], [11, 16, 0.9493378990873009], [11, 17, 0.7612844407620712], [11, 18, 0.5942153214120972], [11, 19, 0.7160475727899603], [11, 20, 0.5039406099150997], [11, 21, 0.9131934416172829], [11, 22, 0.868136887827301], [11, 23, 0.5886597796903905], [11, 24, 0.9726941010831391], [11, 25, 0.9226447818305743], [11, 26, 0.5394147957548232], [11, 27, 0.9951352341957658], [11, 28, 0.7769181200349667], [11, 29, 0.8477480559971033], [11, 30, 0.9211805682678462], [11, 31, 0.8090794767522067], [11, 32, 0.9872335405020233], [11, 33, 0.8261446304669223], [11, 34, 0.5497365984014144], [11, 35, 0.7304749790900678], [11, 36, 0.898396628690228], [11, 37, 0.9213666584810134], [11, 38, 0.5377834014652172], [11, 39, 0.6210140264432168], [12, 0, 0.592047001709254], [12, 1, 0.7611449055514], [12, 2, 0.9751937050299303], [12, 3, 0.7991114122558118], [12, 4, 0.6190306416131948], [12, 5, 0.7062268760877553], [12, 6, 0.7571818173227958], [12, 7, 0.7132686512765543], [12, 8, 0.8142740959848104], [12, 9, 0.5953307395503874], [12, 10, 0.7398681849764531], [12, 11, 0.685762220890099], [12, 13, 0.6284739374282371], [12, 14, 0.8401101901978507], [12, 15, 0.9926534380973029], [12, 16, 0.9704095480954984], [12, 17, 0.59367258405204], [12, 18, 0.8369774439264981], [12, 19, 0.8750502976534266], [12, 20, 0.559131548982242], [12, 21, 0.7545691611503651], [12, 22, 0.7584666562131088], [12, 23, 0.8787247012314243], [12, 24, 0.9161026788709605], [12, 25, 0.9840729451287236], [12, 26, 0.7178151723499833], [12, 27, 0.9620807665891076], [12, 28, 0.8413476885252056], [12, 29, 0.6884466964976903], [12, 30, 0.8052964531985711], [12, 31, 0.6617327031348754], [12, 32, 0.5627418238886717], [12, 33, 0.6556650572929036], [12, 34, 0.5673027724652071], [12, 35, 0.5464724341308467], [12, 36, 0.8491029908496919], [12, 37, 0.9972346569110067], [12, 38, 0.9015318926298015], [12, 39, 0.5910297240631517], [13, 0, 0.6256001853447961], [13, 1, 0.6064631395615205], [13, 2, 0.6140951995453412], [13, 3, 0.779783036653015], [13, 4, 0.9338908454793415], [13, 5, 0.8750049945036666], [13, 6, 0.6120764186437684], [13, 7, 0.5582093822562921], [13, 8, 0.7095066282178155], [13, 9, 0.8493787721012338], [13, 10, 0.8565603337820202], [13, 11, 0.7374252357236253], [13, 12, 0.6284739374282371], [13, 14, 0.9161360237982576], [13, 15, 0.7123101111499774], [13, 16, 0.5974762393686335], [13, 17, 0.743139974291011], [13, 18, 0.7914470394783376], [13, 19, 0.5517929807398756], [13, 20, 0.8781447374137723], [13, 21, 0.9022111032135048], [13, 22, 0.7953923594934852], [13, 23, 0.6574014460424382], [13, 24, 0.9244578070288922], [13, 25, 0.6738512737181953], [13, 26, 0.872316605207728], [13, 27, 0.8419392450304664], [13, 28, 0.938723978870182], [13, 29, 0.5602431077251762], [13, 30, 0.6548335068990256], [13, 31, 0.9743122358949395], [13, 32, 0.9077946671082837], [13, 33, 0.723590481091259], [13, 34, 0.8724744695490633], [13, 35, 0.5269733302770849], [13, 36, 0.7840337880408367], [13, 37, 0.5049174887887835], [13, 38, 0.9256641064187949], [13, 39, 0.7919777240129025], [14, 0, 0.5876712693841364], [14, 1, 0.875246764804128], [14, 2, 0.9296045468405905], [14, 3, 0.9583478817032837], [14, 4, 0.9283137871131226], [14, 5, 0.8520916450659637], [14, 6, 0.9278270430603227], [14, 7, 0.9023872591395261], [14, 8, 0.9219046281036214], [14, 9, 0.9925642100672956], [14, 10, 0.6113477503223097], [14, 11, 0.5897727989290287], [14, 12, 0.8401101901978507], [14, 13, 0.9161360237982576], [14, 15, 0.8754182704419896], [14, 16, 0.685287724224979], [14, 17, 0.5445929951898916], [14, 18, 0.558932191059154], [14, 19, 0.7958202129759284], [14, 20, 0.8178025073606733], [14, 21, 0.8615216920821713], [14, 22, 0.9414460061279564], [14, 23, 0.6323517139001416], [14, 24, 0.613382413363827], [14, 25, 0.7916845722590589], [14, 26, 0.7533058368016023], [14, 27, 0.7460602985328354], [14, 28, 0.5889090602537426], [14, 29, 0.5703781854992025], [14, 30, 0.8901603944259252], [14, 31, 0.7753700602463363], [14, 32, 0.6352045436629503], [14, 33, 0.9670907673496583], [14, 34, 0.9035116094579351], [14, 35, 0.7161133150907144], [14, 36, 0.9622153923196463], [14, 37, 0.9548053908665326], [14, 38, 0.7571530923161841], [14, 39, 0.5836929665846486], [15, 0, 0.9587925587123749], [15, 1, 0.534786488046795], [15, 2, 0.5728610321610648], [15, 3, 0.9393552478204301], [15, 4, 0.9937292806616216], [15, 5, 0.665118985831201], [15, 6, 0.530554507716368], [15, 7, 0.8571272592418677], [15, 8, 0.5935980394004421], [15, 9, 0.9887699887886624], [15, 10, 0.9635221666164929], [15, 11, 0.8296332597972782], [15, 12, 0.9926534380973029], [15, 13, 0.7123101111499774], [15, 14, 0.8754182704419896], [15, 16, 0.6088874383718508], [15, 17, 0.5148859319817414], [15, 18, 0.9385734304031312], [15, 19, 0.7292422309436819], [15, 20, 0.9924558535116026], [15, 21, 0.5201166781919146], [15, 22, 0.5730401406549566], [15, 23, 0.6436679901644562], [15, 24, 0.9790286116956524], [15, 25, 0.7500923990031667], [15, 26, 0.5532048227308506], [15, 27, 0.6910335523892539], [15, 28, 0.8345616810755636], [15, 29, 0.7764742608274977], [15, 30, 0.503788913100121], [15, 31, 0.6996803329579881], [15, 32, 0.8485308312296005], [15, 33, 0.6212607332816682], [15, 34, 0.5111311123277698], [15, 35, 0.81914342293483], [15, 36, 0.6021320899736327], [15, 37, 0.9451813284975104], [15, 38, 0.9621707351921966], [15, 39, 0.6253600580894291], [16, 0, 0.6528553384775665], [16, 1, 0.8394162629655331], [16, 2, 0.8997517442926062], [16, 3, 0.706706145494206], [16, 4, 0.6957770640742733], [16, 5, 0.5336549712282797], [16, 6, 0.9656985157058868], [16, 7, 0.7666421051873581], [16, 8, 0.5574854590984557], [16, 9, 0.6184842586988974], [16, 10, 0.9829452065329443], [16, 11, 0.9493378990873009], [16, 12, 0.9704095480954984], [16, 13, 0.5974762393686335], [16, 14, 0.685287724224979], [16, 15, 0.6088874383718508], [16, 17, 0.6711612292370657], [16, 18, 0.9916966343994391], [16, 19, 0.6636211247597122], [16, 20, 0.780326893776859], [16, 21, 0.8812565801225772], [16, 22, 0.8224204045340993], [16, 23, 0.8512532456650632], [16, 24, 0.7600576514255389], [16, 25, 0.772502882382734], [16, 26, 0.9779104089762869], [16, 27, 0.9969653507959315], [16, 28, 0.9550309737968399], [16, 29, 0.8178801328327636], [16, 30, 0.9710267244906958], [16, 31, 0.7351151289734918], [16, 32, 0.7710628541304054], [16, 33, 0.5369298611237973], [16, 34, 0.8176550985659021], [16, 35, 0.5524650078884628], [16, 36, 0.5630239108331913], [16, 37, 0.6300180722344786], [16, 38, 0.5992885619463457], [16, 39, 0.6455819443639343], [17, 0, 0.5264063312722957], [17, 1, 0.8393565819290445], [17, 2, 0.9225917580290827], [17, 3, 0.6557461413336882], [17, 4, 0.6872059656233866], [17, 5, 0.7531046075380547], [17, 6, 0.5841837620480703], [17, 7, 0.9425522697734379], [17, 8, 0.7814200999688494], [17, 9, 0.720570408844796], [17, 10, 0.8942202287984449], [17, 11, 0.7612844407620712], [17, 12, 0.59367258405204], [17, 13, 0.743139974291011], [17, 14, 0.5445929951898916], [17, 15, 0.5148859319817414], [17, 16, 0.6711612292370657], [17, 18, 0.8511494254613569], [17, 19, 0.9133925535713618], [17, 20, 0.7651094013956372], [17, 21, 0.5659148911979105], [17, 22, 0.7251820048855597], [17, 23, 0.5200488360971791], [17, 24, 0.569996929519837], [17, 25, 0.5580218616771875], [17, 26, 0.5004744215254042], [17, 27, 0.9773966044326474], [17, 28, 0.9329042908161481], [17, 29, 0.6464998117297236], [17, 30, 0.7445335202190515], [17, 31, 0.5135661959232241], [17, 32, 0.8148880790593276], [17, 33, 0.8029127134205323], [17, 34, 0.5689222918754567], [17, 35, 0.9012712201962841], [17, 36, 0.8342675437844285], [17, 37, 0.8979100566748033], [17, 38, 0.665814985314339], [17, 39, 0.9014673963350592], [18, 0, 0.7998882778928613], [18, 1, 0.7383165797419389], [18, 2, 0.5849419149327029], [18, 3, 0.889662274676247], [18, 4, 0.5142335471007304], [18, 5, 0.6183282922598228], [18, 6, 0.985977733101322], [18, 7, 0.8058997192991189], [18, 8, 0.6324010288592039], [18, 9, 0.6293859747001556], [18, 10, 0.7459667201091305], [18, 11, 0.5942153214120972], [18, 12, 0.8369774439264981], [18, 13, 0.7914470394783376], [18, 14, 0.558932191059154], [18, 15, 0.9385734304031312], [18, 16, 0.9916966343994391], [18, 17, 0.8511494254613569], [18, 19, 0.9509740060082016], [18, 20, 0.7632835572890879], [18, 21, 0.957545421138392], [18, 22, 0.955617088958166], [18, 23, 0.7334509909369302], [18, 24, 0.6470153490605227], [18, 25, 0.6412184314894847], [18, 26, 0.7874365389532957], [18, 27, 0.551064618077479], [18, 28, 0.8608468657127136], [18, 29, 0.8375659390182918], [18, 30, 0.5865990206344904], [18, 31, 0.7428945060213632], [18, 32, 0.9748171422641398], [18, 33, 0.5269260666636085], [18, 34, 0.7301634493699166], [18, 35, 0.9046065374097794], [18, 36, 0.6036435560131972], [18, 37, 0.994859817518064], [18, 38, 0.8321597867523367], [18, 39, 0.7349099646052001], [19, 0, 0.5283498440451984], [19, 1, 0.6357393772834018], [19, 2, 0.9463146698591313], [19, 3, 0.9550713598602152], [19, 4, 0.5519116491242553], [19, 5, 0.8248014078691756], [19, 6, 0.5303685483154191], [19, 7, 0.8435239097375649], [19, 8, 0.8657195761079013], [19, 9, 0.8218733144316175], [19, 10, 0.6230362737442139], [19, 11, 0.7160475727899603], [19, 12, 0.8750502976534266], [19, 13, 0.5517929807398756], [19, 14, 0.7958202129759284], [19, 15, 0.7292422309436819], [19, 16, 0.6636211247597122], [19, 17, 0.9133925535713618], [19, 18, 0.9509740060082016], [19, 20, 0.5408542862250645], [19, 21, 0.6900816138475638], [19, 22, 0.5866412754993654], [19, 23, 0.6355846143671084], [19, 24, 0.881281001160936], [19, 25, 0.8395697612317543], [19, 26, 0.66604635616849], [19, 27, 0.9346924277397816], [19, 28, 0.5824947528354312], [19, 29, 0.6409589732623076], [19, 30, 0.8186291075874665], [19, 31, 0.5318683478168306], [19, 32, 0.8191994336444995], [19, 33, 0.6434401883495945], [19, 34, 0.8154763334905004], [19, 35, 0.9528716466765428], [19, 36, 0.8558130540382736], [19, 37, 0.9589560797120202], [19, 38, 0.8790042183525646], [19, 39, 0.97648646597672], [20, 0, 0.5058435474737982], [20, 1, 0.6499306508726799], [20, 2, 0.5986697031216066], [20, 3, 0.6506834002960296], [20, 4, 0.8618395843847371], [20, 5, 0.6077504811348812], [20, 6, 0.5510428474290736], [20, 7, 0.7393652849397476], [20, 8, 0.9647698363309654], [20, 9, 0.9482928665551874], [20, 10, 0.6800493360152802], [20, 11, 0.5039406099150997], [20, 12, 0.559131548982242], [20, 13, 0.8781447374137723], [20, 14, 0.8178025073606733], [20, 15, 0.9924558535116026], [20, 16, 0.780326893776859], [20, 17, 0.7651094013956372], [20, 18, 0.7632835572890879], [20, 19, 0.5408542862250645], [20, 21, 0.8036428736079313], [20, 22, 0.7844738481366875], [20, 23, 0.5357158730575751], [20, 24, 0.9931353471783937], [20, 25, 0.6071251024506694], [20, 26, 0.9491619223460033], [20, 27, 0.6317084519666987], [20, 28, 0.6933655532347757], [20, 29, 0.8765121787420311], [20, 30, 0.7142949561395018], [20, 31, 0.7110117014488987], [20, 32, 0.7764484423039004], [20, 33, 0.879710191816373], [20, 34, 0.8221365800283844], [20, 35, 0.969877481050811], [20, 36, 0.5675717237090996], [20, 37, 0.8844227871138737], [20, 38, 0.7435662250286688], [20, 39, 0.9754725589858964], [21, 0, 0.8948689466744686], [21, 1, 0.7963683838190113], [21, 2, 0.5480816759536167], [21, 3, 0.6874409577341564], [21, 4, 0.5617805842212742], [21, 5, 0.7105475864289406], [21, 6, 0.5436407583212278], [21, 7, 0.6950611290903852], [21, 8, 0.6445278119287794], [21, 9, 0.8996456185391634], [21, 10, 0.8603968193451212], [21, 11, 0.9131934416172829], [21, 12, 0.7545691611503651], [21, 13, 0.9022111032135048], [21, 14, 0.8615216920821713], [21, 15, 0.5201166781919146], [21, 16, 0.8812565801225772], [21, 17, 0.5659148911979105], [21, 18, 0.957545421138392], [21, 19, 0.6900816138475638], [21, 20, 0.8036428736079313], [21, 22, 0.5088538956470381], [21, 23, 0.5088429230166803], [21, 24, 0.711514816362206], [21, 25, 0.814153483256076], [21, 26, 0.7328013673702266], [21, 27, 0.5332639758592261], [21, 28, 0.9950278488876649], [21, 29, 0.6950333822285435], [21, 30, 0.9895264436963521], [21, 31, 0.7607168014020458], [21, 32, 0.773106234890184], [21, 33, 0.9272886550859072], [21, 34, 0.636182643198001], [21, 35, 0.5886302946711691], [21, 36, 0.8581979954363782], [21, 37, 0.9314903015963161], [21, 38, 0.5569767472846348], [21, 39, 0.5458065387917408], [22, 0, 0.8357925599769402], [22, 1, 0.7957552906733025], [22, 2, 0.5839982762370086], [22, 3, 0.7412190304242576], [22, 4, 0.6096503880118365], [22, 5, 0.8881220055897345], [22, 6, 0.9012739743773152], [22, 7, 0.5457261677494509], [22, 8, 0.9854461200895648], [22, 9, 0.6988019601414435], [22, 10, 0.8785205130843181], [22, 11, 0.868136887827301], [22, 12, 0.7584666562131088], [22, 13, 0.7953923594934852], [22, 14, 0.9414460061279564], [22, 15, 0.5730401406549566], [22, 16, 0.8224204045340993], [22, 17, 0.7251820048855597], [22, 18, 0.955617088958166], [22, 19, 0.5866412754993654], [22, 20, 0.7844738481366875], [22, 21, 0.5088538956470381], [22, 23, 0.578460281913673], [22, 24, 0.8107986653368164], [22, 25, 0.5748820699430001], [22, 26, 0.8731686331043718], [22, 27, 0.5650618424696512], [22, 28, 0.6353714816889519], [22, 29, 0.9905659393590535], [22, 30, 0.7446145520846585], [22, 31, 0.7399254691534056], [22, 32, 0.5725166688877943], [22, 33, 0.6909609164461346], [22, 34, 0.6113701026564983], [22, 35, 0.7040864108538021], [22, 36, 0.7613126379137602], [22, 37, 0.5615399874463762], [22, 38, 0.8650396058753094], [22, 39, 0.6924724180561421], [23, 0, 0.7073222493975786], [23, 1, 0.8825947251954716], [23, 2, 0.9757483543099104], [23, 3, 0.79117686821919], [23, 4, 0.6486021854646294], [23, 5, 0.8221772464507454], [23, 6, 0.7751221092566529], [23, 7, 0.7212599663491293], [23, 8, 0.8966910775974943], [23, 9, 0.9194540929885056], [23, 10, 0.7822632885903001], [23, 11, 0.5886597796903905], [23, 12, 0.8787247012314243], [23, 13, 0.6574014460424382], [23, 14, 0.6323517139001416], [23, 15, 0.6436679901644562], [23, 16, 0.8512532456650632], [23, 17, 0.5200488360971791], [23, 18, 0.7334509909369302], [23, 19, 0.6355846143671084], [23, 20, 0.5357158730575751], [23, 21, 0.5088429230166803], [23, 22, 0.578460281913673], [23, 24, 0.5555543941971341], [23, 25, 0.5386380361047254], [23, 26, 0.9122421072490305], [23, 27, 0.6701217878025956], [23, 28, 0.8069042588845846], [23, 29, 0.5718481601124529], [23, 30, 0.6383556197995945], [23, 31, 0.7585775301384688], [23, 32, 0.605871118009885], [23, 33, 0.8034564288577271], [23, 34, 0.808967516168841], [23, 35, 0.723491050415747], [23, 36, 0.9383350158939896], [23, 37, 0.8066920083157711], [23, 38, 0.5803524753736429], [23, 39, 0.8462314253066381], [24, 0, 0.6677760994462503], [24, 1, 0.9850750992355961], [24, 2, 0.7065791543839934], [24, 3, 0.6329837541430996], [24, 4, 0.8801656593575453], [24, 5, 0.6581622931276596], [24, 6, 0.9870437208162706], [24, 7, 0.8528399029743188], [24, 8, 0.8727550956138382], [24, 9, 0.8096048474792437], [24, 10, 0.7459282249098473], [24, 11, 0.9726941010831391], [24, 12, 0.9161026788709605], [24, 13, 0.9244578070288922], [24, 14, 0.613382413363827], [24, 15, 0.9790286116956524], [24, 16, 0.7600576514255389], [24, 17, 0.569996929519837], [24, 18, 0.6470153490605227], [24, 19, 0.881281001160936], [24, 20, 0.9931353471783937], [24, 21, 0.711514816362206], [24, 22, 0.8107986653368164], [24, 23, 0.5555543941971341], [24, 25, 0.8851164658037901], [24, 26, 0.931352611925047], [24, 27, 0.8232215013472962], [24, 28, 0.7296074101518797], [24, 29, 0.5955453287485077], [24, 30, 0.8806503968745709], [24, 31, 0.8169480242481786], [24, 32, 0.9454293455459662], [24, 33, 0.5878692319121603], [24, 34, 0.7412665271144624], [24, 35, 0.8629492278008013], [24, 36, 0.9141381571946812], [24, 37, 0.533910559428117], [24, 38, 0.7663179558226516], [24, 39, 0.8043492081327411], [25, 0, 0.9613759140482889], [25, 1, 0.7658355574116632], [25, 2, 0.5741215662455299], [25, 3, 0.9706098067501396], [25, 4, 0.9157531636965852], [25, 5, 0.9248889320046036], [25, 6, 0.8926381888267527], [25, 7, 0.7723398131972901], [25, 8, 0.7688518296189459], [25, 9, 0.7558462942504418], [25, 10, 0.8171549562812339], [25, 11, 0.9226447818305743], [25, 12, 0.9840729451287236], [25, 13, 0.6738512737181953], [25, 14, 0.7916845722590589], [25, 15, 0.7500923990031667], [25, 16, 0.772502882382734], [25, 17, 0.5580218616771875], [25, 18, 0.6412184314894847], [25, 19, 0.8395697612317543], [25, 20, 0.6071251024506694], [25, 21, 0.814153483256076], [25, 22, 0.5748820699430001], [25, 23, 0.5386380361047254], [25, 24, 0.8851164658037901], [25, 26, 0.7739268123836291], [25, 27, 0.6053689884703759], [25, 28, 0.5034827536170187], [25, 29, 0.8047913167798906], [25, 30, 0.5728680660094407], [25, 31, 0.8957391359729068], [25, 32, 0.9418730960157606], [25, 33, 0.5743704916438379], [25, 34, 0.7753401220904019], [25, 35, 0.7350165002047436], [25, 36, 0.5622630615182564], [25, 37, 0.8348966519186971], [25, 38, 0.850239480694994], [25, 39, 0.7994893008939872], [26, 0, 0.9306295953201498], [26, 1, 0.9429536009377664], [26, 2, 0.7287928334680811], [26, 3, 0.6445440621610556], [26, 4, 0.525537053827164], [26, 5, 0.8670263317985907], [26, 6, 0.8077123282656151], [26, 7, 0.7967616192839864], [26, 8, 0.6442311180568182], [26, 9, 0.8898551760149072], [26, 10, 0.7448674393702597], [26, 11, 0.5394147957548232], [26, 12, 0.7178151723499833], [26, 13, 0.872316605207728], [26, 14, 0.7533058368016023], [26, 15, 0.5532048227308506], [26, 16, 0.9779104089762869], [26, 17, 0.5004744215254042], [26, 18, 0.7874365389532957], [26, 19, 0.66604635616849], [26, 20, 0.9491619223460033], [26, 21, 0.7328013673702266], [26, 22, 0.8731686331043718], [26, 23, 0.9122421072490305], [26, 24, 0.931352611925047], [26, 25, 0.7739268123836291], [26, 27, 0.7763094683602285], [26, 28, 0.5010821370399507], [26, 29, 0.7736053099795333], [26, 30, 0.7123649262737193], [26, 31, 0.9896517463604901], [26, 32, 0.5756917681896057], [26, 33, 0.7371585002040695], [26, 34, 0.9667625245725076], [26, 35, 0.9671328855802444], [26, 36, 0.8735228683857581], [26, 37, 0.5856848394167288], [26, 38, 0.7612422977327518], [26, 39, 0.6841985192183585], [27, 0, 0.7887511792398882], [27, 1, 0.9003453435163672], [27, 2, 0.6894451102449339], [27, 3, 0.5959907174305729], [27, 4, 0.6297295889691183], [27, 5, 0.816223039926387], [27, 6, 0.6050185745315134], [27, 7, 0.9971765834826941], [27, 8, 0.6044288084666448], [27, 9, 0.7902699470889026], [27, 10, 0.5773383042545073], [27, 11, 0.9951352341957658], [27, 12, 0.9620807665891076], [27, 13, 0.8419392450304664], [27, 14, 0.7460602985328354], [27, 15, 0.6910335523892539], [27, 16, 0.9969653507959315], [27, 17, 0.9773966044326474], [27, 18, 0.551064618077479], [27, 19, 0.9346924277397816], [27, 20, 0.6317084519666987], [27, 21, 0.5332639758592261], [27, 22, 0.5650618424696512], [27, 23, 0.6701217878025956], [27, 24, 0.8232215013472962], [27, 25, 0.6053689884703759], [27, 26, 0.7763094683602285], [27, 28, 0.881716311080925], [27, 29, 0.6559305500492315], [27, 30, 0.909074524848665], [27, 31, 0.975575143051356], [27, 32, 0.5774322008698543], [27, 33, 0.8809039659531541], [27, 34, 0.5397829540079956], [27, 35, 0.6772852866798137], [27, 36, 0.5238675399100562], [27, 37, 0.5207824752535415], [27, 38, 0.5814239659314505], [27, 39, 0.635315409930719], [28, 0, 0.7748675994657717], [28, 1, 0.9039365664496506], [28, 2, 0.7208830373364358], [28, 3, 0.7045992287634855], [28, 4, 0.7991816172129932], [28, 5, 0.9209696890217198], [28, 6, 0.5700304018761645], [28, 7, 0.5694893807509054], [28, 8, 0.7808989568737288], [28, 9, 0.7470731641611847], [28, 10, 0.5740291144651961], [28, 11, 0.7769181200349667], [28, 12, 0.8413476885252056], [28, 13, 0.938723978870182], [28, 14, 0.5889090602537426], [28, 15, 0.8345616810755636], [28, 16, 0.9550309737968399], [28, 17, 0.9329042908161481], [28, 18, 0.8608468657127136], [28, 19, 0.5824947528354312], [28, 20, 0.6933655532347757], [28, 21, 0.9950278488876649], [28, 22, 0.6353714816889519], [28, 23, 0.8069042588845846], [28, 24, 0.7296074101518797], [28, 25, 0.5034827536170187], [28, 26, 0.5010821370399507], [28, 27, 0.881716311080925], [28, 29, 0.6883879182429669], [28, 30, 0.655530843376751], [28, 31, 0.705353957250547], [28, 32, 0.8199856296798524], [28, 33, 0.8220617525136805], [28, 34, 0.8707447486210007], [28, 35, 0.6435065566950395], [28, 36, 0.7331863206454192], [28, 37, 0.5201665826410018], [28, 38, 0.5149811590365998], [28, 39, 0.7971928571905003], [29, 0, 0.5516087220494612], [29, 1, 0.7823064462140478], [29, 2, 0.7323076566896785], [29, 3, 0.862112018804376], [29, 4, 0.5148349128555711], [29, 5, 0.5987591801268151], [29, 6, 0.9974826378950452], [29, 7, 0.8711432844583775], [29, 8, 0.9349797519058967], [29, 9, 0.9576575983636699], [29, 10, 0.9464571049022806], [29, 11, 0.8477480559971033], [29, 12, 0.6884466964976903], [29, 13, 0.5602431077251762], [29, 14, 0.5703781854992025], [29, 15, 0.7764742608274977], [29, 16, 0.8178801328327636], [29, 17, 0.6464998117297236], [29, 18, 0.8375659390182918], [29, 19, 0.6409589732623076], [29, 20, 0.8765121787420311], [29, 21, 0.6950333822285435], [29, 22, 0.9905659393590535], [29, 23, 0.5718481601124529], [29, 24, 0.5955453287485077], [29, 25, 0.8047913167798906], [29, 26, 0.7736053099795333], [29, 27, 0.6559305500492315], [29, 28, 0.6883879182429669], [29, 30, 0.9445989235972567], [29, 31, 0.525991069815261], [29, 32, 0.9298024118632549], [29, 33, 0.6844593016000422], [29, 34, 0.6080795954557192], [29, 35, 0.5174213898888522], [29, 36, 0.6792223648326358], [29, 37, 0.8237730139216253], [29, 38, 0.965462917571442], [29, 39, 0.830990138850058], [30, 0, 0.9207887225436846], [30, 1, 0.7970967146545981], [30, 2, 0.6246052837455953], [30, 3, 0.8171194980008355], [30, 4, 0.6932158898103622], [30, 5, 0.5661903763090346], [30, 6, 0.9046551816395336], [30, 7, 0.9226372024468812], [30, 8, 0.5157926137577248], [30, 9, 0.8063884310768709], [30, 10, 0.7790203165273315], [30, 11, 0.9211805682678462], [30, 12, 0.8052964531985711], [30, 13, 0.6548335068990256], [30, 14, 0.8901603944259252], [30, 15, 0.503788913100121], [30, 16, 0.9710267244906958], [30, 17, 0.7445335202190515], [30, 18, 0.5865990206344904], [30, 19, 0.8186291075874665], [30, 20, 0.7142949561395018], [30, 21, 0.9895264436963521], [30, 22, 0.7446145520846585], [30, 23, 0.6383556197995945], [30, 24, 0.8806503968745709], [30, 25, 0.5728680660094407], [30, 26, 0.7123649262737193], [30, 27, 0.909074524848665], [30, 28, 0.655530843376751], [30, 29, 0.9445989235972567], [30, 31, 0.7113613718052993], [30, 32, 0.7934188817709248], [30, 33, 0.7569473792591577], [30, 34, 0.9196336690319848], [30, 35, 0.8282218910279127], [30, 36, 0.9037276886917848], [30, 37, 0.6484447300756022], [30, 38, 0.8700257800897204], [30, 39, 0.764971397135668], [31, 0, 0.6416698967131378], [31, 1, 0.692981186121794], [31, 2, 0.789277890461791], [31, 3, 0.9592180190838134], [31, 4, 0.9185405254656689], [31, 5, 0.9936085323405676], [31, 6, 0.5595983149891457], [31, 7, 0.8326909509301923], [31, 8, 0.8996658017457522], [31, 9, 0.9427781210907671], [31, 10, 0.6446920157871592], [31, 11, 0.8090794767522067], [31, 12, 0.6617327031348754], [31, 13, 0.9743122358949395], [31, 14, 0.7753700602463363], [31, 15, 0.6996803329579881], [31, 16, 0.7351151289734918], [31, 17, 0.5135661959232241], [31, 18, 0.7428945060213632], [31, 19, 0.5318683478168306], [31, 20, 0.7110117014488987], [31, 21, 0.7607168014020458], [31, 22, 0.7399254691534056], [31, 23, 0.7585775301384688], [31, 24, 0.8169480242481786], [31, 25, 0.8957391359729068], [31, 26, 0.9896517463604901], [31, 27, 0.975575143051356], [31, 28, 0.705353957250547], [31, 29, 0.525991069815261], [31, 30, 0.7113613718052993], [31, 32, 0.7714304506850713], [31, 33, 0.8071629261658517], [31, 34, 0.7791537393803623], [31, 35, 0.8984729370441995], [31, 36, 0.6727167067108983], [31, 37, 0.7786620489388414], [31, 38, 0.8051369117264899], [31, 39, 0.5392730523409386], [32, 0, 0.6556461552217537], [32, 1, 0.8352457002963228], [32, 2, 0.6456186217308868], [32, 3, 0.5381842331175228], [32, 4, 0.8376410766743314], [32, 5, 0.7774543876270485], [32, 6, 0.8932369379830148], [32, 7, 0.58511494992069], [32, 8, 0.7388553110924792], [32, 9, 0.9628146653533203], [32, 10, 0.695115135384031], [32, 11, 0.9872335405020233], [32, 12, 0.5627418238886717], [32, 13, 0.9077946671082837], [32, 14, 0.6352045436629503], [32, 15, 0.8485308312296005], [32, 16, 0.7710628541304054], [32, 17, 0.8148880790593276], [32, 18, 0.9748171422641398], [32, 19, 0.8191994336444995], [32, 20, 0.7764484423039004], [32, 21, 0.773106234890184], [32, 22, 0.5725166688877943], [32, 23, 0.605871118009885], [32, 24, 0.9454293455459662], [32, 25, 0.9418730960157606], [32, 26, 0.5756917681896057], [32, 27, 0.5774322008698543], [32, 28, 0.8199856296798524], [32, 29, 0.9298024118632549], [32, 30, 0.7934188817709248], [32, 31, 0.7714304506850713], [32, 33, 0.758553379667688], [32, 34, 0.7706280380343483], [32, 35, 0.8464928213603834], [32, 36, 0.671535501390027], [32, 37, 0.6657030490934087], [32, 38, 0.5055411072180236], [32, 39, 0.774971387176572], [33, 0, 0.5076092672010919], [33, 1, 0.7038412838377626], [33, 2, 0.9379439589742697], [33, 3, 0.5564738438849441], [33, 4, 0.6831501762853419], [33, 5, 0.7909038901158818], [33, 6, 0.8279287545827141], [33, 7, 0.8497937882022586], [33, 8, 0.9583146618629779], [33, 9, 0.7395331860881789], [33, 10, 0.7281804414746572], [33, 11, 0.8261446304669223], [33, 12, 0.6556650572929036], [33, 13, 0.723590481091259], [33, 14, 0.9670907673496583], [33, 15, 0.6212607332816682], [33, 16, 0.5369298611237973], [33, 17, 0.8029127134205323], [33, 18, 0.5269260666636085], [33, 19, 0.6434401883495945], [33, 20, 0.879710191816373], [33, 21, 0.9272886550859072], [33, 22, 0.6909609164461346], [33, 23, 0.8034564288577271], [33, 24, 0.5878692319121603], [33, 25, 0.5743704916438379], [33, 26, 0.7371585002040695], [33, 27, 0.8809039659531541], [33, 28, 0.8220617525136805], [33, 29, 0.6844593016000422], [33, 30, 0.7569473792591577], [33, 31, 0.8071629261658517], [33, 32, 0.758553379667688], [33, 34, 0.7004163209598477], [33, 35, 0.760344794108587], [33, 36, 0.8367040608127105], [33, 37, 0.7982339899108966], [33, 38, 0.598291107088456], [33, 39, 0.9380246890275278], [34, 0, 0.773198037820994], [34, 1, 0.7714317814235816], [34, 2, 0.9460291278357977], [34, 3, 0.7743417460051709], [34, 4, 0.5187409799087808], [34, 5, 0.6739751551865276], [34, 6, 0.7674945483223108], [34, 7, 0.6920276313676472], [34, 8, 0.5873540146293292], [34, 9, 0.6328853374156063], [34, 10, 0.9746431778877926], [34, 11, 0.5497365984014144], [34, 12, 0.5673027724652071], [34, 13, 0.8724744695490633], [34, 14, 0.9035116094579351], [34, 15, 0.5111311123277698], [34, 16, 0.8176550985659021], [34, 17, 0.5689222918754567], [34, 18, 0.7301634493699166], [34, 19, 0.8154763334905004], [34, 20, 0.8221365800283844], [34, 21, 0.636182643198001], [34, 22, 0.6113701026564983], [34, 23, 0.808967516168841], [34, 24, 0.7412665271144624], [34, 25, 0.7753401220904019], [34, 26, 0.9667625245725076], [34, 27, 0.5397829540079956], [34, 28, 0.8707447486210007], [34, 29, 0.6080795954557192], [34, 30, 0.9196336690319848], [34, 31, 0.7791537393803623], [34, 32, 0.7706280380343483], [34, 33, 0.7004163209598477], [34, 35, 0.6391505714765311], [34, 36, 0.9670186276688928]