{"0": {"num_nodes": 80, "edges": [[0, 1, 10.986517509538283], [0, 2, 10.08216227897546], [0, 3, 7.60748578164355], [0, 4, 8.51792228507842], [0, 5, 8.376694767158536], [0, 6, 7.687050627588636], [0, 7, 8.630556195504187], [0, 8, 11.292081241143343], [0, 9, 8.123135534472073], [0, 10, 10.947846643258895], [0, 11, 11.376161057394789], [0, 12, 11.92673570207793], [0, 13, 7.198105252042583], [0, 14, 11.281785461647079], [0, 15, 8.702424219706288], [0, 16, 9.719552231925011], [0, 17, 10.686414810103006], [0, 18, 9.006220857741686], [0, 19, 7.902030905693126], [0, 20, 10.284531306534767], [0, 21, 9.794016455892553], [0, 22, 10.910603726696856], [0, 23, 8.067956884253292], [0, 24, 10.595677854604055], [0, 25, 10.571800378100322], [0, 26, 11.433258296700759], [0, 27, 9.460178010395358], [0, 28, 7.633312319156604], [0, 29, 10.812366371793068], [0, 30, 11.439075046052306], [0, 31, 8.727255107601824], [0, 32, 7.707791105556051], [0, 33, 7.376243651095761], [0, 34, 8.893984031358872], [0, 35, 11.419117505460104], [0, 36, 9.875541884886088], [0, 37, 7.619982991295514], [0, 38, 11.299631644806428], [0, 39, 7.877844517123114], [0, 40, 9.962569180289638], [0, 41, 11.311469044029085], [0, 42, 9.807541265555047], [0, 43, 10.678906217798492], [0, 44, 8.8431799799884], [0, 45, 7.392995437241839], [0, 46, 10.549846570236813], [0, 47, 8.654636290333741], [0, 48, 10.651320661488075], [0, 49, 8.519718431949359], [0, 50, 7.3225218220636314], [0, 51, 9.924069776676621], [0, 52, 7.181209306180433], [0, 53, 11.627989466304474], [0, 54, 9.703182049821983], [0, 55, 8.0535321092673], [0, 56, 7.005084802344333], [0, 57, 10.546701650381426], [0, 58, 9.402909511000184], [0, 59, 11.804439762841756], [0, 60, 8.297872158222022], [0, 61, 11.256398513371694], [0, 62, 9.156461824985323], [0, 63, 9.41387798848218], [0, 64, 8.296793841992553], [0, 65, 9.467168304920353], [0, 66, 8.96562517659189], [0, 67, 8.647018187004246], [0, 68, 10.25644024774411], [0, 69, 7.341949080064189], [0, 70, 7.8403737635013], [0, 71, 9.845023173232649], [0, 72, 7.016000614117413], [0, 73, 7.947671537455174], [0, 74, 11.419381268159418], [0, 75, 11.143961122641578], [0, 76, 11.829125802898679], [0, 77, 11.73755553398131], [0, 78, 9.502379730827101], [0, 79, 10.4045552780504], [1, 0, 10.986517509538283], [1, 2, 10.894726079075662], [1, 3, 8.796350289647126], [1, 4, 9.118419800606706], [1, 5, 7.986465655576279], [1, 6, 10.77596805024865], [1, 7, 11.86963052024325], [1, 8, 7.908486616989715], [1, 9, 8.001343100535713], [1, 10, 11.401327638771953], [1, 11, 11.856954463161898], [1, 12, 8.29686227749935], [1, 13, 9.35630193286938], [1, 14, 9.988133954416568], [1, 15, 8.122865686278029], [1, 16, 9.093805800919135], [1, 17, 7.1669366308899365], [1, 18, 7.969967667060729], [1, 19, 10.244999978700669], [1, 20, 11.547128631283734], [1, 21, 10.808345805247189], [1, 22, 7.46795293579808], [1, 23, 9.30457078235439], [1, 24, 11.99540725196666], [1, 25, 7.106726428799217], [1, 26, 9.155726725611245], [1, 27, 7.3717918136685485], [1, 28, 11.922537967012786], [1, 29, 8.30821259166349], [1, 30, 10.363913673847037], [1, 31, 10.385282935948634], [1, 32, 8.546477027260991], [1, 33, 7.598462811061314], [1, 34, 10.643941504320765], [1, 35, 10.865759208481627], [1, 36, 10.93684008492091], [1, 37, 9.845039832464838], [1, 38, 8.98837274270728], [1, 39, 9.173618849710422], [1, 40, 9.921263473461611], [1, 41, 7.546634141829857], [1, 42, 9.137608950297489], [1, 43, 9.3599274837037], [1, 44, 10.377136115418748], [1, 45, 9.618844094107788], [1, 46, 11.428757715735252], [1, 47, 10.433983174046103], [1, 48, 7.914667261973107], [1, 49, 10.851770696027993], [1, 50, 9.223841850873331], [1, 51, 9.777052815032906], [1, 52, 11.770525375600425], [1, 53, 8.386999594220345], [1, 54, 10.532418630754645], [1, 55, 10.763702141892722], [1, 56, 11.035704898599427], [1, 57, 9.779890161836656], [1, 58, 8.50617331060925], [1, 59, 8.782124405270494], [1, 60, 8.63735438507528], [1, 61, 9.991186806076351], [1, 62, 9.302928763073556], [1, 63, 10.920221470808432], [1, 64, 11.843609994772066], [1, 65, 10.249634243051148], [1, 66, 8.23683810325204], [1, 67, 7.856277276549761], [1, 68, 8.325584505749521], [1, 69, 8.77064767856691], [1, 70, 11.741712918658921], [1, 71, 10.365903937518482], [1, 72, 10.793345161359207], [1, 73, 7.603518472600521], [1, 74, 7.8023590312030136], [1, 75, 7.041162807122325], [1, 76, 11.069534291686677], [1, 77, 8.888973023534493], [1, 78, 8.446603696501835], [1, 79, 8.805185680062042], [2, 0, 10.08216227897546], [2, 1, 10.894726079075662], [2, 3, 8.589630017485192], [2, 4, 10.791268739533272], [2, 5, 7.501140321235609], [2, 6, 9.049859194054168], [2, 7, 9.799344887702658], [2, 8, 7.0810346467972405], [2, 9, 10.560226842967905], [2, 10, 11.517398566104962], [2, 11, 9.3224506437608], [2, 12, 10.142294749552985], [2, 13, 7.283640140064895], [2, 14, 9.939243182620631], [2, 15, 11.77795805306284], [2, 16, 8.767984855756914], [2, 17, 8.751174291606477], [2, 18, 7.794497261598412], [2, 19, 8.10046794338427], [2, 20, 8.19479557209034], [2, 21, 8.305144322883372], [2, 22, 10.262731259734508], [2, 23, 10.326227935014684], [2, 24, 11.152423519395736], [2, 25, 11.177195034076155], [2, 26, 11.472620196569505], [2, 27, 8.827913839630959], [2, 28, 11.345145360897476], [2, 29, 11.932875672593903], [2, 30, 9.080956993638797], [2, 31, 10.66912313177075], [2, 32, 8.5991892160955], [2, 33, 8.843170482787425], [2, 34, 7.766497222649381], [2, 35, 9.337540974590695], [2, 36, 10.359578401430069], [2, 37, 8.0771036412095], [2, 38, 7.158367282504222], [2, 39, 10.700241849327949], [2, 40, 9.575383430140802], [2, 41, 7.24727489545156], [2, 42, 7.071474308063296], [2, 43, 11.261048155816527], [2, 44, 11.765867062173458], [2, 45, 9.527910435558901], [2, 46, 7.864725611488641], [2, 47, 10.08834211466936], [2, 48, 11.12271019308574], [2, 49, 7.752661959306756], [2, 50, 9.272216064071763], [2, 51, 9.184123664684385], [2, 52, 7.027727025084609], [2, 53, 9.669419660434087], [2, 54, 8.033937617254894], [2, 55, 10.614572354062377], [2, 56, 11.593372099349999], [2, 57, 10.243590081873116], [2, 58, 9.832258587672136], [2, 59, 11.850597719831919], [2, 60, 11.614479312378824], [2, 61, 9.76089791462991], [2, 62, 11.414466852169273], [2, 63, 10.409490817734227], [2, 64, 9.238075012744378], [2, 65, 10.433884034961615], [2, 66, 11.580119488235846], [2, 67, 8.393536452442646], [2, 68, 7.919357311572034], [2, 69, 10.09599526959169], [2, 70, 9.765916840229838], [2, 71, 11.333658563740604], [2, 72, 10.905078135920135], [2, 73, 11.088816008791389], [2, 74, 11.761679691874104], [2, 75, 7.042743939669455], [2, 76, 9.028807103283825], [2, 77, 10.550134954525399], [2, 78, 10.813869031380207], [2, 79, 10.055809055606389], [3, 0, 7.60748578164355], [3, 1, 8.796350289647126], [3, 2, 8.589630017485192], [3, 4, 11.659895937664167], [3, 5, 11.810698373851054], [3, 6, 9.619359791192146], [3, 7, 9.296686255057876], [3, 8, 8.30630999391574], [3, 9, 8.734024149429738], [3, 10, 7.70126793997681], [3, 11, 10.473543853803868], [3, 12, 8.78256191480343], [3, 13, 10.112048152246032], [3, 14, 10.14756265787121], [3, 15, 10.960286983431452], [3, 16, 7.5546157254178805], [3, 17, 7.335107665221523], [3, 18, 11.64239699280203], [3, 19, 11.621967779024349], [3, 20, 8.135297734998263], [3, 21, 11.701250023451726], [3, 22, 10.857025799983642], [3, 23, 9.556515587566262], [3, 24, 8.769242259964955], [3, 25, 10.420043711944835], [3, 26, 8.399190333081306], [3, 27, 11.993293591077974], [3, 28, 7.609327604909633], [3, 29, 8.657896667312766], [3, 30, 11.83179936972695], [3, 31, 10.58579484838484], [3, 32, 8.515428951888627], [3, 33, 9.561451453102023], [3, 34, 11.21220051077485], [3, 35, 10.835224276596854], [3, 36, 10.110050866697208], [3, 37, 10.079404334802986], [3, 38, 10.444564037858722], [3, 39, 11.86750284176606], [3, 40, 7.691887325456869], [3, 41, 7.1618773619962175], [3, 42, 9.440276729967765], [3, 43, 7.006819833531981], [3, 44, 9.183555107247617], [3, 45, 11.668681319371196], [3, 46, 9.303690299114667], [3, 47, 9.905289265439613], [3, 48, 8.207713933291757], [3, 49, 9.340272578402905], [3, 50, 9.841474554791912], [3, 51, 9.733858454783187], [3, 52, 7.303826976976254], [3, 53, 11.322861803522514], [3, 54, 11.102398918415485], [3, 55, 9.230770315009835], [3, 56, 8.38942879676909], [3, 57, 10.868777385216728], [3, 58, 7.484411542817149], [3, 59, 10.630773426789059], [3, 60, 10.840107306533906], [3, 61, 10.191132295249286], [3, 62, 9.624470328242225], [3, 63, 11.13697551182971], [3, 64, 9.040892404300429], [3, 65, 9.436590101411506], [3, 66, 11.240340093731103], [3, 67, 11.75295910218259], [3, 68, 8.229090510085161], [3, 69, 10.084165332239875], [3, 70, 9.335223284782074], [3, 71, 7.337935793705837], [3, 72, 8.998559148572118], [3, 73, 9.50641359721366], [3, 74, 11.229918479424327], [3, 75, 8.970150451861338], [3, 76, 8.628221178085761], [3, 77, 8.847390126889572], [3, 78, 9.488850349574328], [3, 79, 10.944326679201279], [4, 0, 8.51792228507842], [4, 1, 9.118419800606706], [4, 2, 10.791268739533272], [4, 3, 11.659895937664167], [4, 5, 9.10864458328593], [4, 6, 9.75834585966334], [4, 7, 9.522477431843967], [4, 8, 8.506976364393868], [4, 9, 8.50171546740862], [4, 10, 9.811136662519589], [4, 11, 9.244419322472194], [4, 12, 7.26663296957018], [4, 13, 10.996137601640674], [4, 14, 9.372360025966273], [4, 15, 8.947633926009441], [4, 16, 11.243652317530795], [4, 17, 9.884974595300042], [4, 18, 7.4864527888353525], [4, 19, 11.304201727136892], [4, 20, 7.659971274997785], [4, 21, 11.55288531281398], [4, 22, 7.735607765132887], [4, 23, 8.420826784270854], [4, 24, 10.279249838447068], [4, 25, 7.845620177220035], [4, 26, 7.022583697851149], [4, 27, 10.689862594569657], [4, 28, 10.43489768124252], [4, 29, 9.641805060299545], [4, 30, 7.662934104919968], [4, 31, 11.575373257020045], [4, 32, 11.72567909318937], [4, 33, 11.123569157642354], [4, 34, 8.859334447907925], [4, 35, 7.757099323014989], [4, 36, 9.552879810556298], [4, 37, 11.447388811063536], [4, 38, 8.298719425930734], [4, 39, 9.36613967367435], [4, 40, 11.565432832197072], [4, 41, 8.968905832042928], [4, 42, 11.394079142999702], [4, 43, 9.239493299747327], [4, 44, 9.881735682374673], [4, 45, 9.843011646168128], [4, 46, 11.730272573647401], [4, 47, 10.279834890741595], [4, 48, 7.292010108711928], [4, 49, 9.119455064937434], [4, 50, 9.914852637350238], [4, 51, 11.587083695865783], [4, 52, 7.729063251324751], [4, 53, 11.80194760446152], [4, 54, 10.310569983068307], [4, 55, 10.940747297026727], [4, 56, 11.547917379807444], [4, 57, 8.088741940977854], [4, 58, 9.334864561069212], [4, 59, 11.081401869310092], [4, 60, 7.582100289487631], [4, 61, 7.099476003680323], [4, 62, 11.518457643713099], [4, 63, 10.316747195848126], [4, 64, 11.130933286654844], [4, 65, 10.157559942652917], [4, 66, 9.314168497619818], [4, 67, 8.979422897737212], [4, 68, 8.488279417762378], [4, 69, 10.435706328860526], [4, 70, 7.704526081198546], [4, 71, 11.143067336080254], [4, 72, 10.373732106718867], [4, 73, 10.927406890369411], [4, 74, 8.87881906229286], [4, 75, 11.650649419626857], [4, 76, 10.323667398897253], [4, 77, 8.06359197696245], [4, 78, 7.366335076964715], [4, 79, 9.98961903413262], [5, 0, 8.376694767158536], [5, 1, 7.986465655576279], [5, 2, 7.501140321235609], [5, 3, 11.810698373851054], [5, 4, 9.10864458328593], [5, 6, 9.24807875359678], [5, 7, 8.837611873237194], [5, 8, 11.768049983409565], [5, 9, 9.910803920901555], [5, 10, 7.555801484882233], [5, 11, 9.066818905359568], [5, 12, 8.550977949046125], [5, 13, 11.052801239715091], [5, 14, 10.809760488570255], [5, 15, 9.878432958539863], [5, 16, 7.847553479959499], [5, 17, 10.554659445842741], [5, 18, 9.91962184674546], [5, 19, 7.0716162302669145], [5, 20, 11.458559143540167], [5, 21, 10.122303342448888], [5, 22, 7.591153500194379], [5, 23, 8.142758767002224], [5, 24, 8.419218498019227], [5, 25, 7.125958672458075], [5, 26, 10.105770217461352], [5, 27, 7.00201966928638], [5, 28, 9.981059838562693], [5, 29, 10.162702635830614], [5, 30, 9.489785146271073], [5, 31, 9.751083811404083], [5, 32, 7.638715332840257], [5, 33, 10.893735762467358], [5, 34, 9.943053510940812], [5, 35, 7.052777246319314], [5, 36, 7.573914109182773], [5, 37, 7.0068764738545335], [5, 38, 7.918642892588847], [5, 39, 8.940323279285735], [5, 40, 9.626153374979602], [5, 41, 8.682632960862549], [5, 42, 7.83008967484549], [5, 43, 11.326469486152345], [5, 44, 9.700519645628667], [5, 45, 10.626212481728565], [5, 46, 9.37973290400282], [5, 47, 8.251759309671472], [5, 48, 7.986662693844168], [5, 49, 11.498344736696136], [5, 50, 7.679862560604524], [5, 51, 10.301762516322206], [5, 52, 7.828735677758376], [5, 53, 10.80664435366723], [5, 54, 7.412107240163369], [5, 55, 10.661214271173343], [5, 56, 7.037189818112376], [5, 57, 8.974263996287918], [5, 58, 10.397254515255618], [5, 59, 7.4122640771298505], [5, 60, 8.05577930566063], [5, 61, 9.687096318586216], [5, 62, 7.393728629591853], [5, 63, 10.420419395787679], [5, 64, 7.11977494320017], [5, 65, 8.281451772715107], [5, 66, 8.237942935402284], [5, 67, 7.511382480664456], [5, 68, 7.236653195940233], [5, 69, 9.649300312739383], [5, 70, 7.670893786383971], [5, 71, 8.496114778363212], [5, 72, 8.534662629156426], [5, 73, 8.048331780002083], [5, 74, 11.335295790025695], [5, 75, 10.720879747662584], [5, 76, 10.887242949354583], [5, 77, 10.15955900869184], [5, 78, 7.973720158826278], [5, 79, 8.050748920736941], [6, 0, 7.687050627588636], [6, 1, 10.77596805024865], [6, 2, 9.049859194054168], [6, 3, 9.619359791192146], [6, 4, 9.75834585966334], [6, 5, 9.24807875359678], [6, 7, 8.710429858182586], [6, 8, 7.3312695275633], [6, 9, 7.617784234424702], [6, 10, 11.382179891387523], [6, 11, 11.355910135171085], [6, 12, 10.768187176979207], [6, 13, 9.703299603352708], [6, 14, 10.397310480085569], [6, 15, 7.3255251920625515], [6, 16, 9.23644968211784], [6, 17, 8.225376047949869], [6, 18, 11.569479650832717], [6, 19, 7.838379047860948], [6, 20, 11.936647449114323], [6, 21, 9.769009769157838], [6, 22, 11.209614089887937], [6, 23, 9.667077418322965], [6, 24, 10.657842786982524], [6, 25, 11.52299943580558], [6, 26, 9.760418585619439], [6, 27, 7.419409017835241], [6, 28, 7.884062848976876], [6, 29, 9.083511935381946], [6, 30, 9.351315741848207], [6, 31, 11.359774181544934], [6, 32, 7.032400583646151], [6, 33, 10.12133816506663], [6, 34, 8.750723364152114], [6, 35, 10.692688883933121], [6, 36, 10.850323823209756], [6, 37, 7.9057482535801595], [6, 38, 10.942986063625426], [6, 39, 11.893819572795579], [6, 40, 9.04815152410524], [6, 41, 7.184543667127807], [6, 42, 8.171232073101228], [6, 43, 8.73592905386704], [6, 44, 10.249915200635566], [6, 45, 7.2620264380890145], [6, 46, 11.726973070836276], [6, 47, 7.351764782205542], [6, 48, 7.674025331376482], [6, 49, 8.16832656906272], [6, 50, 11.72783143382953], [6, 51, 8.990450883554402], [6, 52, 9.03255018604813], [6, 53, 8.399141779545573], [6, 54, 7.7790340951699495], [6, 55, 9.136523254273555], [6, 56, 8.136983172597397], [6, 57, 9.627852264520655], [6, 58, 7.022456686457029], [6, 59, 7.317287179268315], [6, 60, 10.318015559806529], [6, 61, 8.866248159349917], [6, 62, 7.820370061438574], [6, 63, 7.941002744670789], [6, 64, 11.211012684534907], [6, 65, 10.59205739395727], [6, 66, 9.59054579519293], [6, 67, 10.661893390713047], [6, 68, 10.092692563419174], [6, 69, 10.9905853042902], [6, 70, 10.037683666855928], [6, 71, 9.620675218364966], [6, 72, 7.171424447315348], [6, 73, 7.773550605777346], [6, 74, 9.908085143678617], [6, 75, 9.931925304607574], [6, 76, 11.306649610374212], [6, 77, 8.186629253532985], [6, 78, 11.32157688731597], [6, 79, 9.158146460239237], [7, 0, 8.630556195504187], [7, 1, 11.86963052024325], [7, 2, 9.799344887702658], [7, 3, 9.296686255057876], [7, 4, 9.522477431843967], [7, 5, 8.837611873237194], [7, 6, 8.710429858182586], [7, 8, 9.174055889536604], [7, 9, 11.19563374155953], [7, 10, 7.377747408213466], [7, 11, 11.46441941965644], [7, 12, 9.564733298917599], [7, 13, 8.149711395901914], [7, 14, 7.303563360269364], [7, 15, 10.072817507228711], [7, 16, 11.531842941728677], [7, 17, 7.785322105270552], [7, 18, 7.400971068150692], [7, 19, 10.063992071613832], [7, 20, 7.471233095150321], [7, 21, 11.479662030583944], [7, 22, 9.351144237393378], [7, 23, 9.682680840768406], [7, 24, 10.00133759403004], [7, 25, 10.814446689536855], [7, 26, 7.999697667999196], [7, 27, 11.921376074935466], [7, 28, 11.08582699385811], [7, 29, 11.411600852594077], [7, 30, 11.184718016768366], [7, 31, 8.631462899381674], [7, 32, 10.92134140218948], [7, 33, 7.0021051456198995], [7, 34, 11.34555226871499], [7, 35, 8.379528667433593], [7, 36, 8.837903842578744], [7, 37, 10.365492945213777], [7, 38, 11.242706701443845], [7, 39, 8.278505145337606], [7, 40, 10.515518709835591], [7, 41, 11.889850779295429], [7, 42, 7.043743970318033], [7, 43, 11.647151472025374], [7, 44, 10.222764453416964], [7, 45, 7.963511929304663], [7, 46, 10.198916680939952], [7, 47, 10.204024501189043], [7, 48, 11.955428137616526], [7, 49, 10.52551827561133], [7, 50, 10.097491588801008], [7, 51, 11.046733901674427], [7, 52, 7.717880440742841], [7, 53, 10.387427920244622], [7, 54, 10.012731224403748], [7, 55, 7.1070936476550886], [7, 56, 10.203787027914913], [7, 57, 9.444953627726697], [7, 58, 7.768779238491229], [7, 59, 9.74601548562737], [7, 60, 9.712465909085047], [7, 61, 8.636702523102663], [7, 62, 10.177768195826546], [7, 63, 8.681384573128756], [7, 64, 10.658575068470327], [7, 65, 11.269557870677414], [7, 66, 8.808351552278394], [7, 67, 7.930367641523367], [7, 68, 8.59368146197098], [7, 69, 11.959553675245228], [7, 70, 7.5420343925189925], [7, 71, 8.423528295905246], [7, 72, 10.209425811306026], [7, 73, 8.979756763024245], [7, 74, 8.924140035834053], [7, 75, 10.63625845835541], [7, 76, 11.426233986918396], [7, 77, 10.18454249043369], [7, 78, 7.206231290530817], [7, 79, 7.267111319030311], [8, 0, 11.292081241143343], [8, 1, 7.908486616989715], [8, 2, 7.0810346467972405], [8, 3, 8.30630999391574], [8, 4, 8.506976364393868], [8, 5, 11.768049983409565], [8, 6, 7.3312695275633], [8, 7, 9.174055889536604], [8, 9, 11.657614423898341], [8, 10, 8.227376470319161], [8, 11, 11.281907522939346], [8, 12, 8.85611715640163], [8, 13, 11.342408476119186], [8, 14, 10.69195211065538], [8, 15, 11.421313603937843], [8, 16, 7.49499932191133], [8, 17, 10.977055850830435], [8, 18, 10.959002875899177], [8, 19, 11.062937603619375], [8, 20, 9.92292946637014], [8, 21, 10.096324481399659], [8, 22, 9.305888920801587], [8, 23, 9.916791251002685], [8, 24, 11.839928973267543], [8, 25, 10.445416247057308], [8, 26, 11.974378581342787], [8, 27, 11.777848225494127], [8, 28, 11.260856800192823], [8, 29, 7.414414381716311], [8, 30, 10.10671116984114], [8, 31, 11.352822465995366], [8, 32, 7.490143053267339], [8, 33, 7.287709768737331], [8, 34, 7.626667784873037], [8, 35, 11.229723368694126], [8, 36, 10.373378671351125], [8, 37, 8.55788978221432], [8, 38, 10.76539532366182], [8, 39, 10.599925470670339], [8, 40, 8.427954602287997], [8, 41, 7.090545865870531], [8, 42, 10.826321288934336], [8, 43, 11.814167523820409], [8, 44, 8.739959138871512], [8, 45, 9.1054174230154], [8, 46, 7.114831486446861], [8, 47, 9.869270789505862], [8, 48, 7.185606558087933], [8, 49, 10.490293901785861], [8, 50, 10.860126478470068], [8, 51, 9.999538904921964], [8, 52, 11.141956758511043], [8, 53, 7.836895455541126], [8, 54, 11.705708309810873], [8, 55, 7.144815388972568], [8, 56, 11.656915856459992], [8, 57, 9.727619246794575], [8, 58, 11.968870832923653], [8, 59, 10.72371865066412], [8, 60, 11.730801998312987], [8, 61, 11.531829745606771], [8, 62, 7.246424804917046], [8, 63, 11.023499877370124], [8, 64, 7.1944738870421165], [8, 65, 10.404100294420779], [8, 66, 8.65961876366116], [8, 67, 9.219399550945713], [8, 68, 7.023426969209879], [8, 69, 7.415154670001822], [8, 70, 8.690329671537345], [8, 71, 11.470523232549102], [8, 72, 10.68376099993564], [8, 73, 11.816279510818223], [8, 74, 7.889458803385071], [8, 75, 10.733799785569117], [8, 76, 9.265273572298556], [8, 77, 11.617165215070072], [8, 78, 9.429871470134689], [8, 79, 7.091236532656361], [9, 0, 8.123135534472073], [9, 1, 8.001343100535713], [9, 2, 10.560226842967905], [9, 3, 8.734024149429738], [9, 4, 8.50171546740862], [9, 5, 9.910803920901555], [9, 6, 7.617784234424702], [9, 7, 11.19563374155953], [9, 8, 11.657614423898341], [9, 10, 7.726558985246602], [9, 11, 10.803614882368091], [9, 12, 9.814554024018456], [9, 13, 7.233276904644255], [9, 14, 11.451969152458549], [9, 15, 8.642951957536214], [9, 16, 10.467000769265788], [9, 17, 8.03812975285076], [9, 18, 10.143291091991241], [9, 19, 10.33198936809622], [9, 20, 11.583651153757978], [9, 21, 7.481731600935792], [9, 22, 9.647045143136054], [9, 23, 7.204304520322048], [9, 24, 8.917843445687113], [9, 25, 7.182591054121724], [9, 26, 10.990843098614533], [9, 27, 8.403878723536861], [9, 28, 8.769929960497421], [9, 29, 8.56572691441248], [9, 30, 11.7064153303294], [9, 31, 10.035254040084126], [9, 32, 11.516752846791025], [9, 33, 8.496296309606956], [9, 34, 9.052192764785113], [9, 35, 9.398590021617817], [9, 36, 8.629866102296736], [9, 37, 9.986058192982405], [9, 38, 8.6670343042661], [9, 39, 11.495365222521201], [9, 40, 7.048589422122295], [9, 41, 9.280031328199277], [9, 42, 8.455066370617528], [9, 43, 11.015760360676527], [9, 44, 9.97097297215198], [9, 45, 7.738533172450658], [9, 46, 11.329072896847705], [9, 47, 11.809592832588624], [9, 48, 9.251195990415678], [9, 49, 7.146501622872901], [9, 50, 11.794352253265599], [9, 51, 11.696716372251291], [9, 52, 11.457225868150498], [9, 53, 8.181953346449045], [9, 54, 8.300328027623836], [9, 55, 8.536394966595383], [9, 56, 8.082010332526469], [9, 57, 7.731755025112441], [9, 58, 8.560611607736169], [9, 59, 7.2384780257154215], [9, 60, 7.69158353587029], [9, 61, 10.271348276409753], [9, 62, 9.837848169561902], [9, 63, 10.478198175097697], [9, 64, 7.1087008505686775], [9, 65, 7.254111380186194], [9, 66, 8.981677985364328], [9, 67, 11.402989329731355], [9, 68, 11.589634041942341], [9, 69, 7.078290395934928], [9, 70, 9.69016694432553], [9, 71, 11.298322987416379], [9, 72, 11.446190766886438], [9, 73, 11.621287393142843], [9, 74, 9.82337033153258], [9, 75, 7.303280342818692], [9, 76, 10.367030718244092], [9, 77, 7.082408423269081], [9, 78, 8.14215155863003], [9, 79, 11.2907441231489], [10, 0, 10.947846643258895], [10, 1, 11.401327638771953], [10, 2, 11.517398566104962], [10, 3, 7.70126793997681], [10, 4, 9.811136662519589], [10, 5, 7.555801484882233], [10, 6, 11.382179891387523], [10, 7, 7.377747408213466], [10, 8, 8.227376470319161], [10, 9, 7.726558985246602], [10, 11, 8.934626323041716], [10, 12, 9.16895772016727], [10, 13, 9.95142961788482], [10, 14, 7.400325949016736], [10, 15, 8.678753391699557], [10, 16, 9.901647223638669], [10, 17, 11.290340150980025], [10, 18, 9.295670501005189], [10, 19, 11.824609781526942], [10, 20, 9.827595055603803], [10, 21, 11.437895161042274], [10, 22, 7.5959770081477025], [10, 23, 11.355925987629078], [10, 24, 8.004562322018366], [10, 25, 7.793543267267584], [10, 26, 8.09094413936317], [10, 27, 8.162547942611107], [10, 28, 10.494865922263632], [10, 29, 8.947831090863405], [10, 30, 10.669974334807613], [10, 31, 11.118730841491924], [10, 32, 9.608971673871658], [10, 33, 10.940378501580325], [10, 34, 7.042551995292602], [10, 35, 10.692964580693486], [10, 36, 10.028728636494268], [10, 37, 7.788434713347902], [10, 38, 7.737298219999897], [10, 39, 11.32005559834435], [10, 40, 7.232709050862282], [10, 41, 11.108717811559355], [10, 42, 9.866853548854207], [10, 43, 10.781437425482382], [10, 44, 8.875792499111139], [10, 45, 7.285992956280406], [10, 46, 8.826529593164073], [10, 47, 9.900946614851243], [10, 48, 10.567255948907817], [10, 49, 8.195856879949233], [10, 50, 9.141817026673806], [10, 51, 8.975648355829922], [10, 52, 9.978996990263948], [10, 53, 8.612877801745961], [10, 54, 9.921739919697746], [10, 55, 9.53583380598107], [10, 56, 10.761121372469525], [10, 57, 11.941734189354161], [10, 58, 10.763465760341573], [10, 59, 9.525784661372022], [10, 60, 11.452714216948186], [10, 61, 9.780880993526756], [10, 62, 9.689923721790638], [10, 63, 8.664634126739593], [10, 64, 7.858308170675347], [10, 65, 10.868525080382543], [10, 66, 7.768908197324631], [10, 67, 10.506742668702547], [10, 68, 11.250299647425695], [10, 69, 11.13541215745477], [10, 70, 7.551790343991584], [10, 71, 11.024626826026175], [10, 72, 10.262831670316963], [10, 73, 11.353737151885136], [10, 74, 9.222449135325903], [10, 75, 9.231035360150955], [10, 76, 8.249982170796516], [10, 77, 10.535836124123335], [10, 78, 11.595433388326807], [10, 79, 10.637260285210033], [11, 0, 11.376161057394789], [11, 1, 11.856954463161898], [11, 2, 9.3224506437608], [11, 3, 10.473543853803868], [11, 4, 9.244419322472194], [11, 5, 9.066818905359568], [11, 6, 11.355910135171085], [11, 7, 11.46441941965644], [11, 8, 11.281907522939346], [11, 9, 10.803614882368091], [11, 10, 8.934626323041716], [11, 12, 9.305260330459854], [11, 13, 7.953097400350024], [11, 14, 10.322913013577189], [11, 15, 7.748073945350537], [11, 16, 9.415474832886428], [11, 17, 8.275998195221568], [11, 18, 11.201050363622066], [11, 19, 10.294899618925072], [11, 20, 10.91120799758721], [11, 21, 7.900763304482636], [11, 22, 8.233454200685951], [11, 23, 7.733013963004877], [11, 24, 11.919427061087454], [11, 25, 11.312847447823398], [11, 26, 11.442698069352627], [11, 27, 11.493686441203138], [11, 28, 10.442276143172887], [11, 29, 8.278162510480922], [11, 30, 11.504184277278908], [11, 31, 9.361212682360854], [11, 32, 10.944667275183916], [11, 33, 11.315236640591056], [11, 34, 9.052930966543505], [11, 35, 11.482707185754416], [11, 36, 7.3232897871553355], [11, 37, 8.09183662089185], [11, 38, 9.126559446585526], [11, 39, 9.529037260462996], [11, 40, 7.70556225229062], [11, 41, 8.338302711182381], [11, 42, 10.979229618021204], [11, 43, 11.652417653680335], [11, 44, 10.514123054242518], [11, 45, 9.972526772711465], [11, 46, 8.590221611761852], [11, 47, 10.346425611596677], [11, 48, 9.061557563526742], [11, 49, 11.367117209636572], [11, 50, 8.72053638338609], [11, 51, 10.201990851610006], [11, 52, 11.501403342184975], [11, 53, 10.562785099637715], [11, 54, 11.272509701533702], [11, 55, 11.207274925295906], [11, 56, 8.979091779937804], [11, 57, 10.874448289351003], [11, 58, 10.763814889846469], [11, 59, 11.059458730833695], [11, 60, 8.842551875174735], [11, 61, 10.754812641272053], [11, 62, 8.836062261933412], [11, 63, 9.196551584033339], [11, 64, 8.96067528898271], [11, 65, 7.412814432252114], [11, 66, 11.433668262091798], [11, 67, 9.775123086127163], [11, 68, 8.836213884639374], [11, 69, 7.967480045635991], [11, 70, 11.268663433107552], [11, 71, 11.351435314459053], [11, 72, 7.90241035160724], [11, 73, 10.600605297546117], [11, 74, 10.188558484072663], [11, 75, 11.867180187045667], [11, 76, 10.13543169802231], [11, 77, 9.286938086511412], [11, 78, 11.946206309216805], [11, 79, 11.627549867817995], [12, 0, 11.92673570207793], [12, 1, 8.29686227749935], [12, 2, 10.142294749552985], [12, 3, 8.78256191480343], [12, 4, 7.26663296957018], [12, 5, 8.550977949046125], [12, 6, 10.768187176979207], [12, 7, 9.564733298917599], [12, 8, 8.85611715640163], [12, 9, 9.814554024018456], [12, 10, 9.16895772016727], [12, 11, 9.305260330459854], [12, 13, 8.037078139150887], [12, 14, 11.266510955833931], [12, 15, 7.173894143442036], [12, 16, 7.4858730667220446], [12, 17, 11.570004889822242], [12, 18, 9.727371680897246], [12, 19, 8.025327984414794], [12, 20, 10.166673105363694], [12, 21, 11.873133017274238], [12, 22, 9.725375852479662], [12, 23, 10.026069732316865], [12, 24, 7.902005192103253], [12, 25, 8.402521109164654], [12, 26, 11.891768172104983], [12, 27, 8.153053113450838], [12, 28, 9.84183162152369], [12, 29, 10.698165342228037], [12, 30, 8.422832558435701], [12, 31, 7.741082769153739], [12, 32, 11.828309599389193], [12, 33, 10.595125902208952], [12, 34, 9.425189731818032], [12, 35, 10.288954777594956], [12, 36, 7.103328030556609], [12, 37, 11.654476843963314], [12, 38, 9.806164652348308], [12, 39, 8.710346450059337], [12, 40, 10.19419369107814], [12, 41, 9.740944029708418], [12, 42, 11.37426283261681], [12, 43, 8.744687909180591], [12, 44, 8.716223428759337], [12, 45, 11.804585454216202], [12, 46, 9.87683308974414], [12, 47, 10.774374470258564], [12, 48, 9.89973362913492], [12, 49, 10.291750203466403], [12, 50, 11.510284556603068], [12, 51, 11.169503054921584], [12, 52, 8.959261926272427], [12, 53, 8.43565652416913], [12, 54, 10.804904439385417], [12, 55, 7.344642242910134], [12, 56, 7.914203386560428], [12, 57, 10.249598864317736], [12, 58, 11.058739722715917], [12, 59, 9.647690497987368], [12, 60, 8.010125470807846], [12, 61, 7.115998982913988], [12, 62, 8.900784755498014], [12, 63, 9.73034513259377], [12, 64, 10.589358377368711], [12, 65, 11.552698363311372], [12, 66, 10.7552193168965], [12, 67, 11.49469951386629], [12, 68, 11.539540679689923], [12, 69, 8.56457475781199], [12, 70, 9.451952507402945], [12, 71, 9.02742363772287], [12, 72, 8.894603025925397], [12, 73, 8.902564765737802], [12, 74, 7.50506565121723], [12, 75, 11.454410553573801], [12, 76, 8.62336043737525], [12, 77, 10.53485787669846], [12, 78, 10.842077415378009], [12, 79, 11.244334068513911], [13, 0, 7.198105252042583], [13, 1, 9.35630193286938], [13, 2, 7.283640140064895], [13, 3, 10.112048152246032], [13, 4, 10.996137601640674], [13, 5, 11.052801239715091], [13, 6, 9.703299603352708], [13, 7, 8.149711395901914], [13, 8, 11.342408476119186], [13, 9, 7.233276904644255], [13, 10, 9.95142961788482], [13, 11, 7.953097400350024], [13, 12, 8.037078139150887], [13, 14, 9.677307972912708], [13, 15, 9.132838754099751], [13, 16, 7.92218615892102], [13, 17, 11.627208519338517], [13, 18, 8.951247722202833], [13, 19, 9.17199708092959], [13, 20, 8.900379568719941], [13, 21, 8.38984404482754], [13, 22, 10.642726812181168], [13, 23, 9.084515545797707], [13, 24, 9.848896735439642], [13, 25, 11.669006548046944], [13, 26, 11.950342168719205], [13, 27, 10.669158002725592], [13, 28, 10.308268104213463], [13, 29, 9.04719177116794], [13, 30, 10.30399462172649], [13, 31, 9.362858497467297], [13, 32, 7.086375976333907], [13, 33, 7.757882547599408], [13, 34, 9.026451527027458], [13, 35, 8.654425051166317], [13, 36, 9.736160235258229], [13, 37, 8.15133858996036], [13, 38, 11.578761687907068], [13, 39, 7.749873966594813], [13, 40, 10.715423851962452], [13, 41, 11.99128302080369], [13, 42, 11.478161799277837], [13, 43, 8.094041608292935], [13, 44, 10.761891034865606], [13, 45, 7.205723869134104], [13, 46, 7.482119875465984], [13, 47, 7.5344043668411285], [13, 48, 8.516370525498232], [13, 49, 8.331357261906687], [13, 50, 9.124270696148109], [13, 51, 10.890317670120911], [13, 52, 9.244919215353814], [13, 53, 10.751312881319475], [13, 54, 9.782938052656952], [13, 55, 9.72182098912305], [13, 56, 8.943998990046067], [13, 57, 7.937564583213227], [13, 58, 9.556277952366713], [13, 59, 8.473386594155322], [13, 60, 8.785303601749458], [13, 61, 11.753658333271357], [13, 62, 10.132259060145167], [13, 63, 8.128058366506998], [13, 64, 11.590156963109798], [13, 65, 7.927199916419495], [13, 66, 10.938963478210667], [13, 67, 8.774462404704735], [13, 68, 8.148239597189688], [13, 69, 8.176055183986387], [13, 70, 11.676508649658796], [13, 71, 9.973980923338523], [13, 72, 8.85158393620437], [13, 73, 9.838962236561184], [13, 74, 8.561296776904747], [13, 75, 9.70033733555189], [13, 76, 7.987888872706996], [13, 77, 10.81893667090068], [13, 78, 9.7726061442922], [13, 79, 9.498067475735791], [14, 0, 11.281785461647079], [14, 1, 9.988133954416568], [14, 2, 9.939243182620631], [14, 3, 10.14756265787121], [14, 4, 9.372360025966273], [14, 5, 10.809760488570255], [14, 6, 10.397310480085569], [14, 7, 7.303563360269364], [14, 8, 10.69195211065538], [14, 9, 11.451969152458549], [14, 10, 7.400325949016736], [14, 11, 10.322913013577189], [14, 12, 11.266510955833931], [14, 13, 9.677307972912708], [14, 15, 11.484761900231613], [14, 16, 7.837921333885777], [14, 17, 8.960423489252054], [14, 18, 7.975032806643636], [14, 19, 10.42963175926836], [14, 20, 11.088209125971435], [14, 21, 11.16199930905446], [14, 22, 11.21196896908184], [14, 23, 11.399902335311545], [14, 24, 7.52356180626081], [14, 25, 8.324739182754808], [14, 26, 7.59898889448052], [14, 27, 11.157274527265951], [14, 28, 8.286819386401282], [14, 29, 8.49829506222683], [14, 30, 11.551231061531348], [14, 31, 7.073870683556162], [14, 32, 11.162942725232282], [14, 33, 7.6377755236245175], [14, 34, 9.508483438781342], [14, 35, 8.014171925911906], [14, 36, 8.640564360879827], [14, 37, 8.22744675797848], [14, 38, 11.671718498128401], [14, 39, 9.449888668532237], [14, 40, 7.131462672371199], [14, 41, 7.001627678670879], [14, 42, 11.754595897644501], [14, 43, 7.474497176624585], [14, 44, 9.42732131764264], [14, 45, 7.338378380324968], [14, 46, 10.684838758075632], [14, 47, 9.326674605839216], [14, 48, 9.301991900615121], [14, 49, 10.541751703629615], [14, 50, 7.237272499582863], [14, 51, 10.143214252353179], [14, 52, 7.7564761512892435], [14, 53, 11.825535400878865], [14, 54, 9.635809908347778], [14, 55, 9.085906810750473], [14, 56, 11.336059117225092], [14, 57, 10.327430048972875], [14, 58, 8.104085500208917], [14, 59, 8.171381067469959], [14, 60, 11.717754720158617], [14, 61, 8.404514961767035], [14, 62, 7.500510839850074], [14, 63, 9.869836797388361], [14, 64, 7.728720801599399], [14, 65, 8.681037582472705], [14, 66, 7.034661935367317], [14, 67, 7.1508497459242815], [14, 68, 9.503235978300136], [14, 69, 7.987664618037314], [14, 70, 10.028770649185727], [14, 71, 7.541328068486407], [14, 72, 9.233209864348519], [14, 73, 8.495535099056312], [14, 74, 7.213775280904745], [14, 75, 9.904824248944848], [14, 76, 11.60927913524062], [14, 77, 8.119547734634386], [14, 78, 11.795823771328616], [14, 79, 11.715916654400445], [15, 0, 8.702424219706288], [15, 1, 8.122865686278029], [15, 2, 11.77795805306284], [15, 3, 10.960286983431452], [15, 4, 8.947633926009441], [15, 5, 9.878432958539863], [15, 6, 7.3255251920625515], [15, 7, 10.072817507228711], [15, 8, 11.421313603937843], [15, 9, 8.642951957536214], [15, 10, 8.678753391699557], [15, 11, 7.748073945350537], [15, 12, 7.173894143442036], [15, 13, 9.132838754099751], [15, 14, 11.484761900231613], [15, 16, 10.569421116311338], [15, 17, 8.127868549562812], [15, 18, 10.264297174771068], [15, 19, 10.234360115581161], [15, 20, 11.453551509795009], [15, 21, 7.853309715480004], [15, 22, 10.498422308996947], [15, 23, 9.86990127431337], [15, 24, 11.305885054875446], [15, 25, 11.403747849582295], [15, 26, 9.830938921813784], [15, 27, 8.717090644143703], [15, 28, 11.734353963247955], [15, 29, 11.673674635414192], [15, 30, 11.781785439970504], [15, 31, 10.10415982636634], [15, 32, 9.522886036351846], [15, 33, 9.848312144762497], [15, 34, 8.239098618869201], [15, 35, 7.178192210015317], [15, 36, 8.875722152538666], [15, 37, 9.797469267445962], [15, 38, 7.164942873224711], [15, 39, 7.457789656998237], [15, 40, 8.815145818347002], [15, 41, 9.329063752623599], [15, 42, 11.697069216019887], [15, 43, 8.1908660304774], [15, 44, 11.413429228708782], [15, 45, 7.714598732223079], [15, 46, 7.411416711803753], [15, 47, 11.072179432905898], [15, 48, 7.494384937370962], [15, 49, 11.080170080572792], [15, 50, 7.897395291470994], [15, 51, 9.462641713959174], [15, 52, 8.29223843292849], [15, 53, 11.417672001313685], [15, 54, 10.468557557033948], [15, 55, 8.889952700627678], [15, 56, 8.938154295644054], [15, 57, 8.536011697165083], [15, 58, 7.9370034467148], [15, 59, 11.328062130294883], [15, 60, 7.6903676065802085], [15, 61, 7.680679233972825], [15, 62, 9.161850757988713], [15, 63, 8.032991020355178], [15, 64, 9.674342540409619], [15, 65, 7.978718489199762], [15, 66, 10.359181214197669], [15, 67, 10.275108417863686], [15, 68, 8.601595246265454], [15, 69, 9.215811841930819], [15, 70, 7.3675013530537], [15, 71, 11.306302637148999], [15, 72, 10.657126879080131], [15, 73, 9.813883843106366], [15, 74, 10.492998971823072], [15, 75, 9.723877025044347], [15, 76, 11.879224417005567], [15, 77, 10.448868974569988], [15, 78, 9.071172661737657], [15, 79, 11.461956619788443], [16, 0, 9.719552231925011], [16, 1, 9.093805800919135], [16, 2, 8.767984855756914], [16, 3, 7.5546157254178805], [16, 4, 11.243652317530795], [16, 5, 7.847553479959499], [16, 6, 9.23644968211784], [16, 7, 11.531842941728677], [16, 8, 7.49499932191133], [16, 9, 10.467000769265788], [16, 10, 9.901647223638669], [16, 11, 9.415474832886428], [16, 12, 7.4858730667220446], [16, 13, 7.92218615892102], [16, 14, 7.837921333885777], [16, 15, 10.569421116311338], [16, 17, 7.482088991818859], [16, 18, 11.748231665153867], [16, 19, 9.374533784347888], [16, 20, 10.39692404121232], [16, 21, 11.006083066787973], [16, 22, 11.241823807914528], [16, 23, 11.788087861089677], [16, 24, 8.938764898640365], [16, 25, 10.269524702861574], [16, 26, 9.525601710419016], [16, 27, 7.716080546032797], [16, 28, 10.365090075282058], [16, 29, 8.41153146552523], [16, 30, 8.220871079101093], [16, 31, 9.364555253452556], [16, 32, 7.659125524914195], [16, 33, 10.209964971092807], [16, 34, 9.195273761254576], [16, 35, 10.516417766868463], [16, 36, 8.679190695238816], [16, 37, 10.605075880766343], [16, 38, 7.584477681339885], [16, 39, 10.280472994344107], [16, 40, 10.292261282422345], [16, 41, 8.945347854887828], [16, 42, 8.589350923084796], [16, 43, 10.755874929532965], [16, 44, 11.789469924198386], [16, 45, 7.552466216491151], [16, 46, 7.577407937190303], [16, 47, 11.170090258787802], [16, 48, 9.392910378226762], [16, 49, 10.144275865011625], [16, 50, 7.733541811845678], [16, 51, 10.085468148782443], [16, 52, 10.911306242861905], [16, 53, 7.241565724026071], [16, 54, 7.464727159988802], [16, 55, 9.9448041671224], [16, 56, 8.751883660479177], [16, 57, 7.407755967560421], [16, 58, 7.834249733033747], [16, 59, 11.098599163257106], [16, 60, 10.958964738785953], [16, 61, 7.799214570330066], [16, 62, 7.284678857096242], [16, 63, 11.54737760488981], [16, 64, 8.780947017524493], [16, 65, 7.774353263834162], [16, 66, 8.278211700446144], [16, 67, 9.737330627531163], [16, 68, 8.60383835016204], [16, 69, 7.623581019710305], [16, 70, 11.840302621070713], [16, 71, 8.321133176302084], [16, 72, 11.651050127368427], [16, 73, 7.8999821873261125], [16, 74, 10.316769657202475], [16, 75, 8.749344004112848], [16, 76, 7.499987746623168], [16, 77, 8.903619487194552], [16, 78, 7.495562515791579], [16, 79, 7.564983841906301], [17, 0, 10.686414810103006], [17, 1, 7.1669366308899365], [17, 2, 8.751174291606477], [17, 3, 7.335107665221523], [17, 4, 9.884974595300042], [17, 5, 10.554659445842741], [17, 6, 8.225376047949869], [17, 7, 7.785322105270552], [17, 8, 10.977055850830435], [17, 9, 8.03812975285076], [17, 10, 11.290340150980025], [17, 11, 8.275998195221568], [17, 12, 11.570004889822242], [17, 13, 11.627208519338517], [17, 14, 8.960423489252054], [17, 15, 8.127868549562812], [17, 16, 7.482088991818859], [17, 18, 7.549647606769958], [17, 19, 10.560839457220382], [17, 20, 7.303018452875308], [17, 21, 10.680354419776322], [17, 22, 11.144878920069544], [17, 23, 7.58456723289674], [17, 24, 9.482853180865572], [17, 25, 11.424289334809366], [17, 26, 9.226333152798087], [17, 27, 9.405171018998871], [17, 28, 10.462361978540294], [17, 29, 9.060450021229867], [17, 30, 7.380802043282623], [17, 31, 11.023600540027699], [17, 32, 9.43636871274307], [17, 33, 7.962833862834083], [17, 34, 8.699139377491994], [17, 35, 8.032910832599272], [17, 36, 8.438818413077088], [17, 37, 10.137098854810343], [17, 38, 8.678939872711254], [17, 39, 11.967922120693474], [17, 40, 10.632751804102885], [17, 41, 11.556873581324659], [17, 42, 7.650364728061897], [17, 43, 9.879008538582562], [17, 44, 10.553390971223855], [17, 45, 8.625771244104028], [17, 46, 9.77616897302002], [17, 47, 11.123751086639079], [17, 48, 9.150976577581316], [17, 49, 8.04413382782528], [17, 50, 10.126051795244468], [17, 51, 10.590978133185878], [17, 52, 8.14125105270996], [17, 53, 11.994549729535656], [17, 54, 7.863798814125986], [17, 55, 9.999807028640987], [17, 56, 10.2844038