{"0": {"num_nodes": 56, "edges": [[0, 1, 8.437959580779696], [0, 2, 8.443968997790007], [0, 3, 11.385804029572155], [0, 4, 8.120924073967998], [0, 5, 7.369195731315629], [0, 6, 9.330846626542202], [0, 7, 9.155273647420886], [0, 8, 9.497085522054622], [0, 9, 10.924133343657829], [0, 10, 7.896275495747563], [0, 11, 8.996084951971456], [0, 12, 11.186307005519092], [0, 13, 9.468281262369409], [0, 14, 11.399003303000512], [0, 15, 7.82324200361752], [0, 16, 8.643761246915311], [0, 17, 9.433837979058584], [0, 18, 7.507579866752473], [0, 19, 11.453137868229824], [0, 20, 10.250576505506201], [0, 21, 10.341946113852547], [0, 22, 11.512166397649345], [0, 23, 8.85473626158376], [0, 24, 10.603596463569659], [0, 25, 8.949135744050327], [0, 26, 8.262835095302538], [0, 27, 7.412561550155516], [0, 28, 9.91001036353703], [0, 29, 9.95851547212235], [0, 30, 9.977578929198557], [0, 31, 11.720170898978196], [0, 32, 11.097734535671094], [0, 33, 9.614953905687093], [0, 34, 8.687834403441746], [0, 35, 9.64931598339752], [0, 36, 9.270146236489888], [0, 37, 11.788860383299077], [0, 38, 11.236046372311435], [0, 39, 11.014500970046535], [0, 40, 10.07790924323375], [0, 41, 9.268529882445591], [0, 42, 10.247634400066987], [0, 43, 8.52621984779939], [0, 44, 10.522682340097496], [0, 45, 7.121251036148059], [0, 46, 7.278533576134608], [0, 47, 7.221062824835291], [0, 48, 8.250709395476546], [0, 49, 11.102954271775252], [0, 50, 8.890191088626676], [0, 51, 9.772827354515044], [0, 52, 7.096725220960469], [0, 53, 11.398181186871383], [0, 54, 8.59763583569401], [0, 55, 9.287990208760123], [1, 0, 8.437959580779696], [1, 2, 7.9831513681580235], [1, 3, 7.732973678039115], [1, 4, 8.790983560371544], [1, 5, 10.665124055012182], [1, 6, 7.295369587348771], [1, 7, 9.306500175348877], [1, 8, 11.946164750183728], [1, 9, 8.167848780875286], [1, 10, 7.256686463104987], [1, 11, 8.685855892481793], [1, 12, 9.367906667265615], [1, 13, 10.826934664076338], [1, 14, 10.734482194869997], [1, 15, 11.984415887513618], [1, 16, 10.9892466273554], [1, 17, 10.718546188834242], [1, 18, 9.141402533907133], [1, 19, 10.393027033394251], [1, 20, 7.100730261107388], [1, 21, 9.756055373855094], [1, 22, 8.943753749424285], [1, 23, 11.565796654662172], [1, 24, 8.928808738018002], [1, 25, 8.88256457370147], [1, 26, 8.190803657021913], [1, 27, 11.355337969609593], [1, 28, 9.367107634114028], [1, 29, 9.845310587459409], [1, 30, 8.337752995686182], [1, 31, 10.39466025972159], [1, 32, 8.233684567143056], [1, 33, 9.898488417267448], [1, 34, 10.866975837239108], [1, 35, 10.180991386416686], [1, 36, 10.700591835197665], [1, 37, 11.021800642846923], [1, 38, 7.484950868014687], [1, 39, 9.204415073637374], [1, 40, 7.002121230095453], [1, 41, 11.871273643577538], [1, 42, 8.252627633629338], [1, 43, 10.122945859675692], [1, 44, 7.742197935000969], [1, 45, 11.628602983047063], [1, 46, 8.33152944832818], [1, 47, 7.093043680662142], [1, 48, 11.566355949715907], [1, 49, 9.909514409380385], [1, 50, 11.754139703381863], [1, 51, 8.283217194560757], [1, 52, 11.964643682589731], [1, 53, 10.739895320021912], [1, 54, 10.646735733853063], [1, 55, 7.186190132020117], [2, 0, 8.443968997790007], [2, 1, 7.9831513681580235], [2, 3, 11.541618044575802], [2, 4, 11.874511616833296], [2, 5, 7.205659764309462], [2, 6, 7.842722853870813], [2, 7, 11.840161737677331], [2, 8, 11.230930195982108], [2, 9, 9.052462714799482], [2, 10, 9.91335268750859], [2, 11, 7.679808047150814], [2, 12, 9.942054448048204], [2, 13, 7.869453774926399], [2, 14, 7.727669319376925], [2, 15, 10.591601866722524], [2, 16, 11.97545014068535], [2, 17, 7.4271701257795915], [2, 18, 11.294287164918963], [2, 19, 8.426442399395988], [2, 20, 8.17464604494154], [2, 21, 7.688164819566989], [2, 22, 11.347085706951983], [2, 23, 8.30193565854743], [2, 24, 7.044774454189983], [2, 25, 11.62384032293684], [2, 26, 7.46692443691242], [2, 27, 9.466871485023772], [2, 28, 7.3615692825104695], [2, 29, 7.21202359671863], [2, 30, 8.043094373113878], [2, 31, 9.613805429203298], [2, 32, 9.47393435805812], [2, 33, 7.673495451288124], [2, 34, 10.690036585773015], [2, 35, 10.66935098912247], [2, 36, 8.337830838126418], [2, 37, 11.166866211615925], [2, 38, 10.269834570939773], [2, 39, 7.352419455426752], [2, 40, 8.2484904101945], [2, 41, 10.297069198203417], [2, 42, 9.700953960514274], [2, 43, 9.690471221967393], [2, 44, 10.66405754043698], [2, 45, 10.41704056328108], [2, 46, 9.011267476124786], [2, 47, 9.980104141334191], [2, 48, 11.19499177880568], [2, 49, 11.088713626920697], [2, 50, 9.710427024291539], [2, 51, 10.034243727381856], [2, 52, 8.218498439634125], [2, 53, 9.278062563979567], [2, 54, 8.623953553639284], [2, 55, 7.946645050941966], [3, 0, 11.385804029572155], [3, 1, 7.732973678039115], [3, 2, 11.541618044575802], [3, 4, 10.4562744033875], [3, 5, 7.809875301575003], [3, 6, 7.680421350556067], [3, 7, 10.769458523006296], [3, 8, 9.41618738185393], [3, 9, 8.303730858655758], [3, 10, 11.29813317460389], [3, 11, 9.201259610377704], [3, 12, 7.473417338074121], [3, 13, 11.28824957778311], [3, 14, 7.226176743186094], [3, 15, 9.888273078501703], [3, 16, 11.015942774569028], [3, 17, 8.284212234581139], [3, 18, 7.088064357525468], [3, 19, 11.77651961896256], [3, 20, 7.064514019032841], [3, 21, 10.458820992642416], [3, 22, 7.3452393766701], [3, 23, 10.284199110522051], [3, 24, 8.807069985827287], [3, 25, 9.841052336837443], [3, 26, 7.355022213762346], [3, 27, 9.922693214975144], [3, 28, 11.111090407647538], [3, 29, 8.20548400941172], [3, 30, 11.237700301274014], [3, 31, 7.350527645159654], [3, 32, 11.77047768869382], [3, 33, 11.863166288460365], [3, 34, 11.521063961163318], [3, 35, 8.866455960910137], [3, 36, 10.282528102823171], [3, 37, 10.594891530428782], [3, 38, 8.963828784741288], [3, 39, 9.0493069526702], [3, 40, 11.218929337243027], [3, 41, 10.883016078150806], [3, 42, 10.850351580914282], [3, 43, 8.867688234907305], [3, 44, 7.688960979431814], [3, 45, 9.416179241373332], [3, 46, 10.817219985712773], [3, 47, 8.872439296042511], [3, 48, 7.267362815240138], [3, 49, 10.179996046404824], [3, 50, 9.069982019094386], [3, 51, 9.476465064589954], [3, 52, 10.229020298726848], [3, 53, 9.500702662469592], [3, 54, 9.840309714138666], [3, 55, 8.993675623494177], [4, 0, 8.120924073967998], [4, 1, 8.790983560371544], [4, 2, 11.874511616833296], [4, 3, 10.4562744033875], [4, 5, 10.924932534978815], [4, 6, 7.106784659469799], [4, 7, 7.407065904126236], [4, 8, 10.992879713415999], [4, 9, 7.321915120463375], [4, 10, 11.787860659747619], [4, 11, 9.870503922412746], [4, 12, 8.622357183819581], [4, 13, 8.4027442894472], [4, 14, 11.340785618680501], [4, 15, 10.197240410462353], [4, 16, 8.390822107462446], [4, 17, 10.300584020153945], [4, 18, 8.920932698145736], [4, 19, 11.455274418950326], [4, 20, 7.110130734557071], [4, 21, 10.234797847888396], [4, 22, 8.599412932417051], [4, 23, 10.319002210367078], [4, 24, 11.278492505957704], [4, 25, 10.795553223794027], [4, 26, 9.409705216737239], [4, 27, 10.688491688977965], [4, 28, 10.491366123791119], [4, 29, 8.500652449286068], [4, 30, 7.128313025623668], [4, 31, 8.980772548890338], [4, 32, 7.867967871034693], [4, 33, 9.152171330321023], [4, 34, 11.507272395953368], [4, 35, 11.464102272439025], [4, 36, 8.867873079819827], [4, 37, 7.922480665538522], [4, 38, 10.109052638165192], [4, 39, 11.567704214882397], [4, 40, 8.900607800730501], [4, 41, 11.024932200470552], [4, 42, 11.460038495146843], [4, 43, 9.594655665000767], [4, 44, 10.203475243831953], [4, 45, 11.502457493119874], [4, 46, 10.173420980258577], [4, 47, 10.097034625204389], [4, 48, 10.247708736816776], [4, 49, 8.068070299385436], [4, 50, 11.20298615924537], [4, 51, 8.45687518822058], [4, 52, 9.145014683906755], [4, 53, 11.467900066457563], [4, 54, 10.486941517718028], [4, 55, 11.826016247345208], [5, 0, 7.369195731315629], [5, 1, 10.665124055012182], [5, 2, 7.205659764309462], [5, 3, 7.809875301575003], [5, 4, 10.924932534978815], [5, 6, 9.08686267056774], [5, 7, 9.797334649710987], [5, 8, 7.17872840995342], [5, 9, 9.086656009221581], [5, 10, 7.31040622406638], [5, 11, 9.918335966081589], [5, 12, 7.516189557711794], [5, 13, 10.495331131151154], [5, 14, 8.927883187180129], [5, 15, 8.790965074316443], [5, 16, 11.260760861945805], [5, 17, 8.150893871568819], [5, 18, 7.589693168745337], [5, 19, 11.63066532235943], [5, 20, 10.698663932777858], [5, 21, 7.158651236595924], [5, 22, 8.603540239561685], [5, 23, 11.081203874086405], [5, 24, 9.77633002822218], [5, 25, 9.077441490907761], [5, 26, 8.854649737513359], [5, 27, 11.229102819435054], [5, 28, 9.756480349323585], [5, 29, 7.072244230155826], [5, 30, 7.747155116687038], [5, 31, 9.121851193235205], [5, 32, 8.003149937509978], [5, 33, 8.275766575181256], [5, 34, 8.029568048389304], [5, 35, 7.163504410394019], [5, 36, 11.068494092178023], [5, 37, 8.496815612616798], [5, 38, 11.09799064479703], [5, 39, 7.803580213648844], [5, 40, 9.549549799501776], [5, 41, 10.025881504024657], [5, 42, 10.74162960991311], [5, 43, 9.873253379336871], [5, 44, 10.266206996699392], [5, 45, 9.911854890577246], [5, 46, 7.2290418437938815], [5, 47, 8.868654434380884], [5, 48, 9.952045772735632], [5, 49, 7.276924573414418], [5, 50, 8.755304468970323], [5, 51, 7.993666631343119], [5, 52, 10.321771741991682], [5, 53, 9.070573526123765], [5, 54, 10.226346715972362], [5, 55, 9.817882580828572], [6, 0, 9.330846626542202], [6, 1, 7.295369587348771], [6, 2, 7.842722853870813], [6, 3, 7.680421350556067], [6, 4, 7.106784659469799], [6, 5, 9.08686267056774], [6, 7, 11.697034350805726], [6, 8, 8.241024766803642], [6, 9, 11.077569157931466], [6, 10, 9.375320337170495], [6, 11, 8.723164451349643], [6, 12, 7.357584200420918], [6, 13, 8.829701434759748], [6, 14, 9.827900749642849], [6, 15, 10.455932246755179], [6, 16, 10.05774636644692], [6, 17, 8.799049220311492], [6, 18, 11.067143024237147], [6, 19, 8.58142563308574], [6, 20, 8.492270562103798], [6, 21, 10.813847261383634], [6, 22, 11.7297278490663], [6, 23, 10.562806514635941], [6, 24, 9.692665835159506], [6, 25, 8.96186841467703], [6, 26, 11.641129043099419], [6, 27, 8.312014999964996], [6, 28, 9.304026060659211], [6, 29, 11.131412548007027], [6, 30, 10.18230115853415], [6, 31, 10.811386610352088], [6, 32, 11.96081803403694], [6, 33, 8.351983676839989], [6, 34, 7.3521196735375725], [6, 35, 8.894296949619516], [6, 36, 9.703191153385799], [6, 37, 7.42398201174781], [6, 38, 8.84251543279168], [6, 39, 10.376145157770031], [6, 40, 10.287449410133219], [6, 41, 11.440215395162202], [6, 42, 10.670845273098493], [6, 43, 7.262873422189676], [6, 44, 9.560550542934696], [6, 45, 7.696235991320569], [6, 46, 10.093263949498612], [6, 47, 9.30211906447441], [6, 48, 9.235691988733002], [6, 49, 7.884727227180892], [6, 50, 10.674639504665668], [6, 51, 10.548679150226896], [6, 52, 9.808965439687459], [6, 53, 10.11120864154222], [6, 54, 7.500908689598235], [6, 55, 11.752237134333566], [7, 0, 9.155273647420886], [7, 1, 9.306500175348877], [7, 2, 11.840161737677331], [7, 3, 10.769458523006296], [7, 4, 7.407065904126236], [7, 5, 9.797334649710987], [7, 6, 11.697034350805726], [7, 8, 9.575643942668517], [7, 9, 11.363009641074196], [7, 10, 7.676047960140932], [7, 11, 10.351578233401344], [7, 12, 8.206804977277136], [7, 13, 11.766227589858445], [7, 14, 10.391079921541468], [7, 15, 7.7485318140509], [7, 16, 7.991466772117654], [7, 17, 7.998343773902692], [7, 18, 8.267786399433401], [7, 19, 7.8905489110946565], [7, 20, 7.465086595494685], [7, 21, 7.879024265839095], [7, 22, 7.720858047154608], [7, 23, 7.565435709238174], [7, 24, 11.049979266689071], [7, 25, 10.344760481613578], [7, 26, 7.178754826574833], [7, 27, 7.993296530713474], [7, 28, 10.743806455507546], [7, 29, 11.430233502738472], [7, 30, 9.616665142209126], [7, 31, 9.016227412343248], [7, 32, 10.456640392457262], [7, 33, 9.839919743540552], [7, 34, 8.818878102912292], [7, 35, 8.651060212255988], [7, 36, 11.554832563239723], [7, 37, 8.957007162070916], [7, 38, 11.777538088775746], [7, 39, 7.6679337619413515], [7, 40, 9.441903709339158], [7, 41, 8.457690940150563], [7, 42, 7.6995842037450615], [7, 43, 10.350552093010068], [7, 44, 9.401625422630504], [7, 45, 9.072003319810557], [7, 46, 7.748609200233296], [7, 47, 7.9070430500327795], [7, 48, 10.513155378142786], [7, 49, 10.220082576528325], [7, 50, 8.026871787735915], [7, 51, 8.879761487227444], [7, 52, 8.94226904284603], [7, 53, 9.51315905557109], [7, 54, 11.16946397114852], [7, 55, 8.367027973066051], [8, 0, 9.497085522054622], [8, 1, 11.946164750183728], [8, 2, 11.230930195982108], [8, 3, 9.41618738185393], [8, 4, 10.992879713415999], [8, 5, 7.17872840995342], [8, 6, 8.241024766803642], [8, 7, 9.575643942668517], [8, 9, 8.1387919660636], [8, 10, 11.8128344537914], [8, 11, 11.801256951680916], [8, 12, 7.020266721456306], [8, 13, 11.285050970592824], [8, 14, 8.671389281872731], [8, 15, 11.631184973287207], [8, 16, 10.45517352331617], [8, 17, 10.162317356220282], [8, 18, 9.910095727357305], [8, 19, 7.56182694521543], [8, 20, 10.783442559304794], [8, 21, 11.782927405907834], [8, 22, 11.04418975220727], [8, 23, 7.961972088436075], [8, 24, 9.21790403002646], [8, 25, 7.30896702164722], [8, 26, 11.354063462965392], [8, 27, 10.190733315884714], [8, 28, 7.571546201330079], [8, 29, 7.347277753031262], [8, 30, 10.686768213699114], [8, 31, 9.330529091431206], [8, 32, 7.161818225746451], [8, 33, 10.258383726611234], [8, 34, 10.572638250933457], [8, 35, 7.493578735765368], [8, 36, 11.16229487818795], [8, 37, 8.587475304179947], [8, 38, 7.243614386612744], [8, 39, 10.99735821154489], [8, 40, 8.327203759196859], [8, 41, 11.939344175083704], [8, 42, 8.289104670019942], [8, 43, 9.327876714770465], [8, 44, 9.6642776912769], [8, 45, 10.20153973182137], [8, 46, 9.906859576262935], [8, 47, 8.849836707671724], [8, 48, 7.188965043060639], [8, 49, 10.293603654735863], [8, 50, 8.115764973928432], [8, 51, 9.536047795666137], [8, 52, 11.226372260968603], [8, 53, 10.623346552417944], [8, 54, 10.696749280289893], [8, 55, 9.125268346043503], [9, 0, 10.924133343657829], [9, 1, 8.167848780875286], [9, 2, 9.052462714799482], [9, 3, 8.303730858655758], [9, 4, 7.321915120463375], [9, 5, 9.086656009221581], [9, 6, 11.077569157931466], [9, 7, 11.363009641074196], [9, 8, 8.1387919660636], [9, 10, 9.760286695347762], [9, 11, 8.777228020486115], [9, 12, 9.225896828050681], [9, 13, 11.649458908327826], [9, 14, 9.399297303968844], [9, 15, 9.82581459334394], [9, 16, 9.216258732131864], [9, 17, 11.586402674135197], [9, 18, 7.368704612232372], [9, 19, 7.929792054791001], [9, 20, 11.370138636146795], [9, 21, 7.837993073056929], [9, 22, 8.226201315430984], [9, 23, 10.487650403627237], [9, 24, 9.936744010066473], [9, 25, 9.014891950799074], [9, 26, 8.435204950781216], [9, 27, 7.113025961081038], [9, 28, 11.84254503444418], [9, 29, 7.658616617149043], [9, 30, 10.408025464369095], [9, 31, 8.650643210774335], [9, 32, 10.816855676655802], [9, 33, 7.9694180661961385], [9, 34, 11.357512791650391], [9, 35, 7.7247678910503135], [9, 36, 11.580107623963027], [9, 37, 11.366349734140199], [9, 38, 11.655348805000285], [9, 39, 9.153786518593611], [9, 40, 10.618052444313474], [9, 41, 9.339383186306197], [9, 42, 9.086235201046323], [9, 43, 7.750209371978187], [9, 44, 7.06395459558081], [9, 45, 10.555927600770488], [9, 46, 10.177905898474862], [9, 47, 9.871639693998151], [9, 48, 8.776221368901199], [9, 49, 7.212208944022144], [9, 50, 8.95598829518088], [9, 51, 7.664830463822667], [9, 52, 11.391625113226773], [9, 53, 11.575279946054494], [9, 54, 8.330050537652923], [9, 55, 7.054076615488511], [10, 0, 7.896275495747563], [10, 1, 7.256686463104987], [10, 2, 9.91335268750859], [10, 3, 11.29813317460389], [10, 4, 11.787860659747619], [10, 5, 7.31040622406638], [10, 6, 9.375320337170495], [10, 7, 7.676047960140932], [10, 8, 11.8128344537914], [10, 9, 9.760286695347762], [10, 11, 8.535046772471855], [10, 12, 7.435605026558931], [10, 13, 11.15978092545908], [10, 14, 9.416922456066885], [10, 15, 7.047873623615329], [10, 16, 8.221053139238059], [10, 17, 11.351179452400256], [10, 18, 9.562633099551977], [10, 19, 11.89129953446183], [10, 20, 11.127278517799203], [10, 21, 7.9033202417740345], [10, 22, 10.914807979643227], [10, 23, 7.728793854715903], [10, 24, 7.186006777800081], [10, 25, 10.135813802414312], [10, 26, 8.573393502398728], [10, 27, 9.307168565505627], [10, 28, 9.50941434093561], [10, 29, 11.728149922064523], [10, 30, 9.478361322774866], [10, 31, 7.413808157292631], [10, 32, 8.670741896345412], [10, 33, 9.430961393555872], [10, 34, 11.955925796409677], [10, 35, 8.633477680183638], [10, 36, 8.194288568369315], [10, 37, 9.710405128221257], [10, 38, 10.116935377072755], [10, 39, 7.665919332063516], [10, 40, 8.791154390057974], [10, 41, 10.070208892041514], [10, 42, 10.142512593628323], [10, 43, 10.103787455486058], [10, 44, 11.951899179125697], [10, 45, 10.146175618204968], [10, 46, 10.786336535951179], [10, 47, 11.240110135326384], [10, 48, 10.512803051593764], [10, 49, 11.342359737615519], [10, 50, 10.859693074273318], [10, 51, 10.865104147563933], [10, 52, 8.983419435054552], [10, 53, 9.163138224033805], [10, 54, 9.553227163986078], [10, 55, 7.44177395854466], [11, 0, 8.996084951971456], [11, 1, 8.685855892481793], [11, 2, 7.679808047150814], [11, 3, 9.201259610377704], [11, 4, 9.870503922412746], [11, 5, 9.918335966081589], [11, 6, 8.723164451349643], [11, 7, 10.351578233401344], [11, 8, 11.801256951680916], [11, 9, 8.777228020486115], [11, 10, 8.535046772471855], [11, 12, 7.494117020930548], [11, 13, 11.950837193502142], [11, 14, 7.114717487978032], [11, 15, 10.869546982568636], [11, 16, 9.30584080151255], [11, 17, 7.558603219781827], [11, 18, 11.529284978041128], [11, 19, 7.171000381968539], [11, 20, 11.485934844777773], [11, 21, 8.542629059034603], [11, 22, 10.823210546762702], [11, 23, 9.735375582547096], [11, 24, 8.63683572411433], [11, 25, 11.679529653383069], [11, 26, 10.50351918759642], [11, 27, 7.786314553498123], [11, 28, 10.200755820421653], [11, 29, 10.4493475559151], [11, 30, 11.033755378788204], [11, 31, 8.515556961990363], [11, 32, 11.210117167843617], [11, 33, 7.726095897938472], [11, 34, 10.029519661626313], [11, 35, 7.658331373458718], [11, 36, 11.654444038506277], [11, 37, 10.850783508169297], [11, 38, 7.283000961203534], [11, 39, 7.625922748648225], [11, 40, 9.266151368244099], [11, 41, 9.58289623619402], [11, 42, 7.223903663298101], [11, 43, 9.797026170573623], [11, 44, 10.766999521657489], [11, 45, 9.83379072842775], [11, 46, 11.752274221756121], [11, 47, 11.733311690792036], [11, 48, 8.962898114512846], [11, 49, 9.990570235540666], [11, 50, 10.419993957973022], [11, 51, 8.090617025297195], [11, 52, 9.804430426038401], [11, 53, 11.269566818907936], [11, 54, 10.189043261807955], [11, 55, 8.490692921804142], [12, 0, 11.186307005519092], [12, 1, 9.367906667265615], [12, 2, 9.942054448048204], [12, 3, 7.473417338074121], [12, 4, 8.622357183819581], [12, 5, 7.516189557711794], [12, 6, 7.357584200420918], [12, 7, 8.206804977277136], [12, 8, 7.020266721456306], [12, 9, 9.225896828050681], [12, 10, 7.435605026558931], [12, 11, 7.494117020930548], [12, 13, 8.919800682784569], [12, 14, 9.290989784609557], [12, 15, 10.9545065913851], [12, 16, 8.208474794975945], [12, 17, 9.189179505170062], [12, 18, 8.436742079838163], [12, 19, 9.01649964905716], [12, 20, 7.1231039632516815], [12, 21, 7.771758747042846], [12, 22, 10.101910177538294], [12, 23, 11.665135000056505], [12, 24, 11.678546592033332], [12, 25, 11.566224698351173], [12, 26, 10.035271306214902], [12, 27, 7.42230148060915], [12, 28, 9.36643933736556], [12, 29, 10.99529002325183], [12, 30, 7.077873195336503], [12, 31, 10.037338566607195], [12, 32, 7.304455104746361], [12, 33, 11.72084910365774], [12, 34, 10.84102805033357], [12, 35, 10.563658110809914], [12, 36, 7.676845349649009], [12, 37, 8.228636775211713], [12, 38, 7.271954964949145], [12, 39, 11.558296366310213], [12, 40, 9.134158297535182], [12, 41, 11.777661327540903], [12, 42, 10.47364835412935], [12, 43, 11.959205561032684], [12, 44, 11.409645434326162], [12, 45, 10.242520755521806], [12, 46, 10.130813125376566], [12, 47, 7.654016661980419], [12, 48, 11.964744760768504], [12, 49, 11.796303880812847], [12, 50, 11.673037480857841], [12, 51, 10.470355381325803], [12, 52, 11.684888372300906], [12, 53, 7.473634526233331], [12, 54, 9.302924786957737], [12, 55, 9.750150093724582], [13, 0, 9.468281262369409], [13, 1, 10.826934664076338], [13, 2, 7.869453774926399], [13, 3, 11.28824957778311], [13, 4, 8.4027442894472], [13, 5, 10.495331131151154], [13, 6, 8.829701434759748], [13, 7, 11.766227589858445], [13, 8, 11.285050970592824], [13, 9, 11.649458908327826], [13, 10, 11.15978092545908], [13, 11, 11.950837193502142], [13, 12, 8.919800682784569], [13, 14, 7.427501745488504], [13, 15, 9.290000306812981], [13, 16, 8.125366455042267], [13, 17, 9.2690585520008], [13, 18, 10.557744031258254], [13, 19, 10.735422003282537], [13, 20, 11.672124951081742], [13, 21, 11.367005776695711], [13, 22, 10.887891624940513], [13, 23, 10.025187708405188], [13, 24, 9.37560177777949], [13, 25, 7.038021013425348], [13, 26, 9.25229271200361], [13, 27, 9.208478701487724], [13, 28, 11.412300263028746], [13, 29, 11.342344112184591], [13, 30, 11.103483389097097], [13, 31, 11.247784675229733], [13, 32, 10.077429640076966], [13, 33, 7.2276082142506315], [13, 34, 9.466138907498035], [13, 35, 10.833688242724923], [13, 36, 9.398157128237179], [13, 37, 9.711124908207685], [13, 38, 10.936079506877974], [13, 39, 9.390273099504064], [13, 40, 7.524322725851793], [13, 41, 11.420248569399888], [13, 42, 11.12737780419469], [13, 43, 9.510507923879462], [13, 44, 11.3283458360238], [13, 45, 11.640054046263543], [13, 46, 10.770815324526922], [13, 47, 10.304275808057904], [13, 48, 11.227230276904866], [13, 49, 7.341479505204212], [13, 50, 7.805490960250034], [13, 51, 9.71019474730747], [13, 52, 11.396123724939226], [13, 53, 8.41411632628887], [13, 54, 9.35703654047497], [13, 55, 9.093773476566044], [14, 0, 11.399003303000512], [14, 1, 10.734482194869997], [14, 2, 7.727669319376925], [14, 3, 7.226176743186094], [14, 4, 11.340785618680501], [14, 5, 8.927883187180129], [14, 6, 9.827900749642849], [14, 7, 10.391079921541468], [14, 8, 8.671389281872731], [14, 9, 9.399297303968844], [14, 10, 9.416922456066885], [14, 11, 7.114717487978032], [14, 12, 9.290989784609557], [14, 13, 7.427501745488504], [14, 15, 7.041931424583393], [14, 16, 10.680103999115298], [14, 17, 7.0327785217038485], [14, 18, 11.954120421416954], [14, 19, 10.336820525258156], [14, 20, 11.867344927438213], [14, 21, 7.465508064659478], [14, 22, 11.643340876842672], [14, 23, 7.297186825713204], [14, 24, 7.762381823208203], [14, 25, 7.97360725638726], [14, 26, 8.708524221496225], [14, 27, 10.736449163062519], [14, 28, 10.650450578031199], [14, 29, 8.435940575447688], [14, 30, 8.642420740085795], [14, 31, 10.568976027181847], [14, 32, 10.614235591745617], [14, 33, 7.279402709051877], [14, 34, 7.309031760882911], [14, 35, 8.65319739081306], [14, 36, 9.492127997674196], [14, 37, 10.319065516857378], [14, 38, 10.566814262451432], [14, 39, 10.666101526965175], [14, 40, 10.157950234074836], [14, 41, 8.020435003951722], [14, 42, 7.714054871008782], [14, 43, 11.028713203078087], [14, 44, 9.185164882965916], [14, 45, 11.225973218317957], [14, 46, 11.498010474983847], [14, 47, 10.484075487580798], [14, 48, 10.892534405043646], [14, 49, 11.014544437091356], [14, 50, 7.667298853949296], [14, 51, 7.642959069361446], [14, 52, 7.384412320474972], [14, 53, 8.578767223167844], [14, 54, 10.940013921914748], [14, 55, 8.446837281217825], [15, 0, 7.82324200361752], [15, 1, 11.984415887513618], [15, 2, 10.591601866722524], [15, 3, 9.888273078501703], [15, 4, 10.197240410462353], [15, 5, 8.790965074316443], [15, 6, 10.455932246755179], [15, 7, 7.7485318140509], [15, 8, 11.631184973287207], [15, 9, 9.82581459334394], [15, 10, 7.047873623615329], [15, 11, 10.869546982568636], [15, 12, 10.9545065913851], [15, 13, 9.290000306812981], [15, 14, 7.041931424583393], [15, 16, 11.503781748638307], [15, 17, 10.869784347874699], [15, 18, 8.996012686432795], [15, 19, 11.438687254610347], [15, 20, 9.35621427809877], [15, 21, 11.709922104749998], [15, 22, 10.010863961515561], [15, 23, 11.380530350970156], [15, 24, 9.660237065114561], [15, 25, 10.058774590683196], [15, 26, 9.987107680723557], [15, 27, 10.35845355025841], [15, 28, 9.520843924383865], [15, 29, 9.265400710564338], [15, 30, 11.946436814923972], [15, 31, 9.58213986643438], [15, 32, 10.446024051109388], [15, 33, 7.353136472268828], [15, 34, 9.979909878350535], [15, 35, 9.235480633861691], [15, 36, 11.617974560430595], [15, 37, 9.740143920429103], [15, 38, 8.002860442882938], [15, 39, 9.45408577593366], [15, 40, 7.119901478775555], [15, 41, 9.431297997417833], [15, 42, 8.766650756817494], [15, 43, 11.310312923104352], [15, 44, 11.669781615502846], [15, 45, 11.485943249632708], [15, 46, 10.6859502327552], [15, 47, 7.7986979256444275], [15, 48, 11.32806872604619], [15, 49, 8.776792184414589], [15, 50, 9.865227643474107], [15, 51, 10.68860332214966], [15, 52, 8.324860111330235], [15, 53, 11.689940298198152], [15, 54, 11.663987582637736], [15, 55, 11.728684502737877], [16, 0, 8.643761246915311], [16, 1, 10.9892466273554], [16, 2, 11.97545014068535], [16, 3, 11.015942774569028], [16, 4, 8.390822107462446], [16, 5, 11.260760861945805], [16, 6, 10.05774636644692], [16, 7, 7.991466772117654], [16, 8, 10.45517352331617], [16, 9, 9.216258732131864], [16, 10, 8.221053139238059], [16, 11, 9.30584080151255], [16, 12, 8.208474794975945], [16, 13, 8.125366455042267], [16, 14, 10.680103999115298], [16, 15, 11.503781748638307], [16, 17, 9.599324346881277], [16, 18, 8.628043713947678], [16, 19, 8.153396368702236], [16, 20, 10.876159441404951], [16, 21, 9.532124213246833], [16, 22, 7.065261344407676], [16, 23, 10.37718592940287], [16, 24, 7.137150672771883], [16, 25, 10.73467514439534], [16, 26, 9.779929182192213], [16, 27, 8.504790499066551], [16, 28, 10.342719805462222], [16, 29, 10.13070679045466], [16, 30, 9.043810870262119], [16, 31, 11.161065305948751], [16, 32, 7.509957036646617], [16, 33, 10.576518542627571], [16, 34, 9.892357276542793], [16, 35, 8.700048092516482], [16, 36, 11.159571118303004], [16, 37, 9.623436963440078], [16, 38, 7.796188431007619], [16, 39, 9.978714802257159], [16, 40, 11.300917727434486], [16, 41, 10.259892503858275], [16, 42, 7.3560741694998395], [16, 43, 10.792799049059976], [16, 44, 8.48627908288126], [16, 45, 10.839630198549624], [16, 46, 11.78160184923938], [16, 47, 7.502031903217341], [16, 48, 11.78625267828711], [16, 49, 7.710753807493706], [16, 50, 7.837314322078221], [16, 51, 9.33885379024725], [16, 52, 11.840093305579476], [16, 53, 8.304789717341059], [16, 54, 8.534520171847673], [16, 55, 7.580121855155879], [17, 0, 9.433837979058584], [17, 1, 10.718546188834242], [17, 2, 7.4271701257795915], [17, 3, 8.284212234581139], [17, 4, 10.300584020153945], [17, 5, 8.150893871568819], [17, 6, 8.799049220311492], [17, 7, 7.998343773902692], [17, 8, 10.162317356220282], [17, 9, 11.586402674135197], [17, 10, 11.351179452400256], [17, 11, 7.558603219781827], [17, 12, 9.189179505170062], [17, 13, 9.2690585520008], [17, 14, 7.0327785217038485], [17, 15, 10.869784347874699], [17, 16, 9.599324346881277], [17, 18, 10.292793443856269], [17, 19, 8.6268014728209], [17, 20, 9.269856559319594], [17, 21, 10.785965014193525], [17, 22, 11.097785920318499], [17, 23, 8.18953025416348], [17, 24, 11.98427665141877], [17, 25, 7.16421357385615], [17, 26, 9.28773240918392], [17, 27, 11.360274143741302], [17, 28, 8.916145672555926], [17, 29, 8.820725335928769], [17, 30, 9.240215664354324], [17, 31, 11.17668543029087], [17, 32, 8.42161776204896], [17, 33, 8.7394427757903], [17, 34, 11.081772686058702], [17, 35, 9.55018425440141], [17, 36, 9.410193766871739], [17, 37, 8.965201290004133], [17, 38, 11.946794835291918], [17, 39, 10.448984891260203], [17, 40, 8.606496676243669], [17, 41, 7.119664650390138], [17, 42, 9.789540586296397], [17, 43, 10.034383432533517], [17, 44, 11.018381377239027], [17, 45, 9.663310050728295], [17, 46, 7.478534626997083], [17, 47, 7.422898199775036], [17, 48, 11.09209601536133], [17, 49, 11.794883648788414], [17, 50, 9.301377872930315], [17, 51, 9.459906810744135], [17, 52, 9.48717244004079], [17, 53, 8.821828228109275], [17, 54, 7.298887484219409], [17, 55, 8.98809254268381], [18, 0, 7.507579866752473], [18, 1, 9.141402533907133], [18, 2, 11.294287164918963], [18, 3, 7.088064357525468], [18, 4, 8.920932698145736], [18, 5, 7.589693168745337], [18, 6, 11.067143024237147], [18, 7, 8.267786399433401], [18, 8, 9.910095727357305], [18, 9, 7.368704612232372], [18, 10, 9.562633099551977], [18, 11, 11.529284978041128], [18, 12, 8.436742079838163], [18, 13, 10.557744031258254], [18, 14, 11.954120421416954], [18, 15, 8.996012686432795], [18, 16, 8.628043713947678], [18, 17, 10.292793443856269], [18, 19, 9.286610816442455], [18, 20, 8.47743453805062], [18, 21, 11.255489488903638], [18, 22, 10.42899109077512], [18, 23, 9.62840388423487], [18, 24, 8.627952436169831], [18, 25, 9.130010583384365], [18, 26, 9.980882303578568], [18, 27, 10.089162635884222], [18, 28, 11.549093208363939], [18, 29, 7.0616357607400495], [18, 30, 7.5274766803852735], [18, 31, 11.412540666999602], [18, 32, 7.7715165972479765], [18, 33, 10.510921099766602], [18, 34, 8.279912239911042], [18, 35, 9.037064141148747], [18, 36, 11.810645726433098], [18, 37, 9.042670687011524], [18, 38, 7.462464346952331], [18, 39, 9.117270294801344], [18, 40, 7.674806322388063], [18, 41, 9.603860670913019], [18, 42, 7.736287304184849], [18, 43, 9.4155694967029], [18, 44, 8.885650193400238], [18, 45, 10.971604963940194], [18, 46, 7.1510978046836575], [18, 47, 8.420007257491811], [18, 48, 11.941972990718089], [18, 49, 10.735449453916667], [18, 50, 7.497082051835351], [18, 51, 11.399776303969762], [18, 52, 8.098306941078327], [18, 53, 7.409216895632442], [18, 54, 11.348214978170816], [18, 55, 7.385450753799699], [19, 0, 11.453137868229824], [19, 1, 10.393027033394251], [19, 2, 8.426442399395988], [19, 3, 11.77651961896256], [19, 4, 11.455274418950326], [19, 5, 11.63066532235943], [19, 6, 8.58142563308574], [19, 7, 7.8905489110946565], [19, 8, 7.56182694521543], [19, 9, 7.929792054791001], [19, 10, 11.89129953446183], [19, 11, 7.171000381968539], [19, 12, 9.01649964905716], [19, 13, 10.735422003282537], [19, 14, 10.336820525258156], [19, 15, 11.438687254610347], [19, 16, 8.153396368702236], [19, 17, 8.6268014728209], [19, 18, 9.286610816442455], [19, 20, 8.008989050010399], [19, 21, 7.559344600028001], [19, 22, 11.582274140576066], [19, 23, 9.815776178400533], [19, 24, 11.430352822255653], [19, 25, 9.278120858621856], [19, 26, 9.792789249674081], [19, 27, 9.141830359281329], [19, 28, 7.558873890548025], [19, 29, 8.527052876817477], [19, 30, 7.475727724652673], [19, 31, 9.878119669928246], [19, 32, 9.812890630423338], [19, 33, 10.560365906622776], [19, 34, 7.010812168744573], [19, 35, 10.023239679418488], [19, 36, 7.497936036713455], [19, 37, 10.307236394604352], [19, 38, 7.099279894801368], [19, 39, 11.045331774934589], [19, 40, 8.933916355515622], [19, 41, 8.932978494960409], [19, 42, 8.597817954100327], [19, 43, 8.48705017092949], [19, 44, 10.627991069599824], [19, 45, 11.082915756653463], [19, 46, 7.435156243612115], [19, 47, 10.683988466095881], [19, 48, 11.303327795182453], [19, 49, 11.876302058089413], [19, 50, 7.267089545135939], [19, 51, 9.99216279387765], [19, 52, 11.172955753440563], [19, 53, 11.185185038709449], [19, 54, 8.510505572100813], [19, 55, 7.222508942186185], [20, 0, 10.250576505506201], [20, 1, 7.100730261107388], [20, 2, 8.17464604494154], [20, 3, 7.064514019032841], [20, 4, 7.110130734557071], [20, 5, 10.698663932777858], [20, 6, 8.492270562103798], [20, 7, 7.465086595494685], [20, 8, 10.783442559304794], [20, 9, 11.370138636146795], [20, 10, 11.127278517799203], [20, 11, 11.485934844777773], [20, 12, 7.1231039632516815], [20, 13, 11.672124951081742], [20, 14, 11.867344927438213], [20, 15, 9.35621427809877], [20, 16, 10.876159441404951], [20, 17, 9.269856559319594], [20, 18, 8.47743453805062], [20, 19, 8.008989050010399], [20, 21, 8.304401611110752], [20, 22, 8.914655449207876], [20, 23, 7.490098399926162], [20, 24, 7.803524196407674], [20, 25, 7.26886368445621], [20, 26, 7.165678187053234], [20, 27, 11.463903976839028], [20, 28, 7.682958493077404], [20, 29, 11.907310841785407], [20, 30, 10.517280153471138], [20, 31, 8.456216955793552], [20, 32, 10.559780604604619], [20, 33, 9.867800296330891], [20, 34, 8.369381578674343], [20, 35, 9.03366322247041], [20, 36, 8.704927172581451], [20, 37, 8.51695141834866], [20, 38, 8.449931139249832], [20, 39, 8.325497252062533], [20, 40, 11.479946670479801], [20, 41, 11.404838265097249], [20, 42, 8.823177275789497], [20, 43, 7.15287532398111], [20, 44, 10.214276845241375], [20, 45, 11.771263283785132], [20, 46, 7.720856550649063], [20, 47, 9.74993506420681], [20, 48, 9.949897920899474], [20, 49, 9.752331728294248], [20, 50, 10.042158984145466], [20, 51, 9.74984648888912], [20, 52, 9.504683497198913], [20, 53, 11.984984225070658], [20, 54, 9.334591119196219], [20, 55, 7.249345942759323], [21, 0, 10.341946113852547], [21, 1, 9.756055373855094], [21, 2, 7.688164819566989], [21, 3, 10.458820992642416], [21, 4, 10.234797847888396], [21, 5, 7.158651236595924], [21, 6, 10.813847261383634], [21, 7, 7.879024265839095], [21, 8, 11.782927405907834], [21, 9, 7.837993073056929], [21, 10, 7.9033202417740345], [21, 11, 8.542629059034603], [21, 12, 7.771758747042846], [21, 13, 11.367005776695711], [21, 14, 7.465508064659478], [21, 15, 11.709922104749998], [21, 16, 9.532124213246833], [21, 17, 10.785965014193525], [21, 18, 11.255489488903638], [21, 19, 7.559344600028001], [21, 20, 8.304401611110752], [21, 22, 8.16848107785818], [21, 23, 9.333970555897453], [21, 24, 8.242912524036772], [21, 25, 8.069466260816032], [21, 26, 7.228256357249407], [21, 27, 8.048443695263876], [21, 28, 9.972312604964323], [21, 29, 9.144907079673539], [21, 30, 7.100583965461439], [21, 31, 9.102535846909301], [21, 32, 7.628407857595492], [21, 33, 7.28332944534052], [21, 34, 7.326016410984802], [21, 35, 10.009840132297143], [21, 36, 9.510407639789094], [21, 37, 10.78064704440452], [21, 38, 7.988834506434132], [21, 39, 7.559104299654471], [21, 40, 9.719800254231176], [21, 41, 8.986720492271008], [21, 42, 7.430651846588398], [21, 43, 8.30978435034514], [21, 44, 8.033884695126861], [21, 45, 9.127678231380111], [21, 46, 9.828752344239653], [21, 47, 11.874301706209943], [21, 48, 7.6465190660918765], [21, 49, 8.347247515693876], [21, 50, 10.23701970278028], [21, 51, 9.36739412148841], [21, 52, 9.137974492224298], [21, 53, 8.974711733298697], [21, 54, 9.479669752746407], [21, 55, 9.355051592322283], [22, 0, 11.512166397649345], [22, 1, 8.943753749424285], [22, 2, 11.347085706951983], [22, 3, 7.3452393766701], [22, 4, 8.599412932417051], [22, 5, 8.603540239561685], [22, 6, 11.7297278490663], [22, 7, 7.720858047154608], [22, 8, 11.04418975220727], [22, 9, 8.226201315430984], [22, 10, 10.914807979643227], [22, 11, 10.823210546762702], [22, 12, 10.101910177538294], [22, 13, 10.887891624940513], [22, 14, 11.643340876842672], [22, 15, 10.010863961515561], [22, 16, 7.065261344407676], [22, 17, 11.097785920318499], [22, 18, 10.42899109077512], [22, 19, 11.582274140576066], [22, 20, 8.914655449207876], [22, 21, 8.16848107785818], [22, 23, 9.371183943966653], [22, 24, 9.19967014684856], [22, 25, 8.704214936645515], [22, 26, 9.969863443784487], [22, 27, 9.700244397336771], [22, 28, 7.724449935812601], [22, 29, 10.0860498724897], [22, 30, 11.91097778519081], [22, 31, 10.718480966248203], [22, 32, 11.093113748952316], [22, 33, 10.095393125723552], [22, 34, 9.437859459468596], [22, 35, 11.033714064590525], [22, 36, 8.727414158974721], [22, 37, 9.81342070225592], [22, 38, 7.011499791732971], [22, 39, 11.316931957294873], [22, 40, 11.08411949199073], [22, 41, 10.965718562351164], [22, 42, 8.614258697302052], [22, 43, 9.947612224774618], [22, 44, 10.850223026218329], [22, 45, 11.592987202209123], [22, 46, 7.487462826927575], [22, 47, 10.994618531551332], [22, 48, 7.0695313265962945], [22, 49, 11.850201680602375], [22, 50, 10.553070135962546], [22, 51, 11.131722133637707], [22, 52, 10.668659271515864], [22, 53, 9.030562155747552], [22, 54, 10.31880220528133], [22, 55, 10.13402004778688], [23, 0, 8.85473626158376], [23, 1, 11.565796654662172], [23, 2, 8.30193565854743], [23, 3, 10.284199110522051], [23, 4, 10.319002210367078], [23, 5, 11.081203874086405], [23, 6, 10.562806514635941], [23, 7, 7.565435709238174], [23, 8, 7.961972088436075], [23, 9, 10.487650403627237], [23, 10, 7.728793854715903], [23, 11, 9.735375582547096], [23, 12, 11.665135000056505], [23, 13, 10.025187708405188], [23, 14, 7.297186825713204], [23, 15, 11.380530350970156], [23, 16, 10.37718592940287], [23, 17, 8.18953025416348], [23, 18, 9.62840388423487], [23, 19, 9.815776178400533], [23, 20, 7.490098399926162], [23, 21, 9.333970555897453], [23, 22, 9.371183943966653], [23, 24, 7.903655294524622], [23, 25, 10.78889015052007], [23, 26, 9.386628322368148], [23, 27, 11.293295247632766], [23, 28, 9.824886069985784], [23, 29, 11.395891669162278], [23, 30, 11.379415607861638], [23, 31, 10.41645986766417], [23, 32, 10.961219376071195], [23, 33, 11.023400110513082], [23, 34, 7.942992425259569], [23, 35, 9.353599921046612], [23, 36, 9.20211662401218], [23, 37, 7.65867099219388], [23, 38, 11.091337560118218], [23, 39, 7.356382053721055], [23, 40, 9.685167353400551], [23, 41, 7.380976529819588], [23, 42, 11.875747087126836], [23, 43, 10.886902134274312], [23, 44, 11.037697655924912], [23, 45, 9.275010128200414], [23, 46, 8.50833010478171], [23, 47, 11.634277181662661], [23, 48, 11.746116424053717], [23, 49, 10.254046122790925], [23, 50, 10.160431375299012], [23, 51, 11.19087693665358], [23, 52, 11.49842889743368], [23, 53, 8.139873483850208], [23, 54, 8.805714598766848], [23, 55, 11.647831963106743], [24, 0, 10.603596463569659], [24, 1, 8.928808738018002], [24, 2, 7.044774454189983], [24, 3, 8.807069985827287], [24, 4, 11.278492505957704], [24, 5, 9.77633002822218], [24, 6, 9.692665835159506], [24, 7, 11.049979266689071], [24, 8, 9.21790403002646], [24, 9, 9.936744010066473], [24, 10, 7.186006777800081], [24, 11, 8.63683572411433], [24, 12, 11.678546592033332], [24, 13, 9.37560177777949], [24, 14, 7.762381823208203], [24, 15, 9.660237065114561], [24, 16, 7.137150672771883], [24, 17, 11.98427665141877], [24, 18, 8.627952436169831], [24, 19, 11.430352822255653], [24, 20, 7.803524196407674], [24, 21, 8.242912524036772], [24, 22, 9.19967014684856], [24, 23, 7.903655294524622], [24, 25, 7.569868824326498], [24, 26, 11.457130847762876], [24, 27, 8.012884341774054], [24, 28, 9.48497589394941], [24, 29, 11.597096318342292], [24, 30, 8.770234794612447], [24, 31, 11.382047793469278], [24, 32, 8.888035102995904], [24, 33, 9.349904681142437], [24, 34, 7.234473654769541], [24, 35, 9.833261096892222], [24, 36, 11.700054260871799], [24, 37, 10.8714551948752], [24, 38, 8.060313507500691], [24, 39, 7.1867635381160335], [24, 40, 8.579493209589707], [24, 41, 10.086882870631023], [24, 42, 11.253120140660506], [24, 43, 11.196083072759635], [24, 44, 10.288569494961965], [24, 45, 7.783698696844433], [24, 46, 8.99915162573111], [24, 47, 7.070027133985164], [24, 48, 7.636838364570809], [24, 49, 10.205004223688277], [24, 50, 10.005350517705335], [24, 51, 11.423799164353706], [24, 52, 8.69562567239976], [24, 53, 9.412837712292827], [24, 54, 10.403401256554318], [24, 55, 10.547687535750226], [25, 0, 8.949135744050327], [25, 1, 8.88256457370147], [25, 2, 11.62384032293684], [25, 3, 9.841052336837443], [25, 4, 10.795553223794027], [25, 5, 9.077441490907761], [25, 6, 8.96186841467703], [25, 7, 10.344760481613578], [25, 8, 7.30896702164722], [25, 9, 9.014891950799074], [25, 10, 10.135813802414312], [25, 11, 11.679529653383069], [25, 12, 11.566224698351173], [25, 13, 7.038021013425348], [25, 14, 7.97360725638726], [25, 15, 10.058774590683196], [25, 16, 10.73467514439534], [25, 17, 7.16421357385615], [25, 18, 9.130010583384365