{"0": {"num_nodes": 71, "edges": [[0, 1, 5.580386118416231], [0, 2, 5.775221308299985], [0, 3, 7.750895343220325], [0, 4, 5.240869846016533], [0, 5, 7.762382896396627], [0, 6, 6.820956685960997], [0, 7, 6.873984522690448], [0, 8, 5.9860698088959445], [0, 9, 9.867214643343495], [0, 10, 9.960738747934995], [0, 11, 7.527436052813131], [0, 12, 5.211211511506273], [0, 13, 9.035978789872493], [0, 14, 6.37908874280606], [0, 15, 9.761365150358522], [0, 16, 7.398667660713742], [0, 17, 6.197893101807245], [0, 18, 5.794708994610558], [0, 19, 5.159603852327241], [0, 20, 6.468526186461777], [0, 21, 9.247453216048545], [0, 22, 7.721014984110986], [0, 23, 5.642548238032368], [0, 24, 7.629847289148579], [0, 25, 6.45867109180778], [0, 26, 5.233929510542637], [0, 27, 5.658371077670761], [0, 28, 7.2177861203259015], [0, 29, 6.695909721031704], [0, 30, 7.1632617184825325], [0, 31, 6.955815985470792], [0, 32, 9.175584513833368], [0, 33, 7.61903550548762], [0, 34, 5.65105724369184], [0, 35, 9.680222304926264], [0, 36, 6.6593485122081555], [0, 37, 8.033864568797195], [0, 38, 6.795617701068428], [0, 39, 8.763223954725294], [0, 40, 9.698696093581365], [0, 41, 8.613239264132293], [0, 42, 9.991397054145182], [0, 43, 9.073247076167622], [0, 44, 5.051772640307734], [0, 45, 6.810541280466399], [0, 46, 5.8745445068051865], [0, 47, 5.606348386350631], [0, 48, 8.433907727032654], [0, 49, 9.815713094784183], [0, 50, 6.838438272625398], [0, 51, 7.041823860191846], [0, 52, 9.592332666830554], [0, 53, 9.18808026254483], [0, 54, 8.317447188478567], [0, 55, 5.653889562148676], [0, 56, 6.922929218416289], [0, 57, 6.818346559402368], [0, 58, 9.136815163632637], [0, 59, 6.010831056997348], [0, 60, 7.423894046720328], [0, 61, 9.114406035874731], [0, 62, 8.782743966072427], [0, 63, 5.874541815113087], [0, 64, 7.946692819117699], [0, 65, 9.359707872220847], [0, 66, 7.289133814013967], [0, 67, 8.347295922538503], [0, 68, 5.915144407297185], [0, 69, 8.276900902075797], [0, 70, 8.732493649542342], [1, 0, 5.580386118416231], [1, 2, 5.027352338723371], [1, 3, 7.633410428071], [1, 4, 6.1459551793823985], [1, 5, 5.822291193852854], [1, 6, 6.347797422224861], [1, 7, 9.304959308669247], [1, 8, 5.412070320840644], [1, 9, 8.820853531118148], [1, 10, 6.027479873084902], [1, 11, 6.668178774165894], [1, 12, 7.331478334884785], [1, 13, 5.637538323717982], [1, 14, 6.152632346093942], [1, 15, 6.256424691882673], [1, 16, 8.68441969003844], [1, 17, 9.242440368489182], [1, 18, 8.02265642500231], [1, 19, 5.908676875514835], [1, 20, 6.34245262880355], [1, 21, 7.224029404129565], [1, 22, 6.277339531138011], [1, 23, 9.025207920713026], [1, 24, 7.746466233251529], [1, 25, 6.129654192050776], [1, 26, 9.975324483744693], [1, 27, 6.099588083887216], [1, 28, 6.325314427240076], [1, 29, 7.58234396694314], [1, 30, 9.069119913388432], [1, 31, 7.119178804422169], [1, 32, 7.339496245455869], [1, 33, 7.419319858464448], [1, 34, 7.405744940413546], [1, 35, 6.242602071286276], [1, 36, 5.3309703477979955], [1, 37, 9.408527284164636], [1, 38, 7.087447243731004], [1, 39, 5.247098921876004], [1, 40, 6.342509468420977], [1, 41, 9.43810390743563], [1, 42, 6.598617494959909], [1, 43, 9.785558761820075], [1, 44, 9.730237376851651], [1, 45, 5.266433969868655], [1, 46, 8.062777496205737], [1, 47, 7.534795054115898], [1, 48, 7.33394538353215], [1, 49, 6.479195264605558], [1, 50, 8.75564115042273], [1, 51, 5.79195261319409], [1, 52, 5.8663886866648935], [1, 53, 9.874797451950467], [1, 54, 7.939560486739506], [1, 55, 7.697868825932021], [1, 56, 9.076990603821294], [1, 57, 8.772852421360357], [1, 58, 7.424247160320536], [1, 59, 9.924043949045238], [1, 60, 9.617834979938547], [1, 61, 5.756505573163844], [1, 62, 8.307473769113049], [1, 63, 8.252771109856289], [1, 64, 7.119135514925564], [1, 65, 7.702533143755503], [1, 66, 9.233836748002913], [1, 67, 5.621869841542363], [1, 68, 8.999655604457367], [1, 69, 7.966338327614055], [1, 70, 5.594155582763555], [2, 0, 5.775221308299985], [2, 1, 5.027352338723371], [2, 3, 9.76669949514793], [2, 4, 7.262898260816774], [2, 5, 5.013951285958991], [2, 6, 8.130261339636688], [2, 7, 5.027694031585729], [2, 8, 7.637020395033391], [2, 9, 5.273270436158068], [2, 10, 6.943598575670501], [2, 11, 5.716343553065545], [2, 12, 6.279772277568398], [2, 13, 7.322620228365965], [2, 14, 9.238297458475609], [2, 15, 6.978146440521581], [2, 16, 7.071846477043424], [2, 17, 9.61350415062922], [2, 18, 6.548450018252472], [2, 19, 9.799879026733858], [2, 20, 7.265007271174209], [2, 21, 8.561373480400647], [2, 22, 6.02818307705234], [2, 23, 5.492666820286632], [2, 24, 7.565893326892885], [2, 25, 5.85342657189443], [2, 26, 9.863487271917908], [2, 27, 7.535985107942841], [2, 28, 9.022435760895956], [2, 29, 5.377356029469459], [2, 30, 9.017796658942203], [2, 31, 9.994167938800949], [2, 32, 6.773033879112472], [2, 33, 6.156820323640945], [2, 34, 6.442984367510421], [2, 35, 5.7110395232409665], [2, 36, 7.730419841697616], [2, 37, 9.288334060412724], [2, 38, 9.636218883532628], [2, 39, 6.4712191088343705], [2, 40, 7.179286022454727], [2, 41, 7.528465828573051], [2, 42, 6.284631737915577], [2, 43, 7.854905084922104], [2, 44, 6.5268468920383125], [2, 45, 9.964002735198612], [2, 46, 9.51707116982329], [2, 47, 8.665838317687836], [2, 48, 8.311465689269422], [2, 49, 7.447003024244373], [2, 50, 6.73444530512269], [2, 51, 9.091691319546126], [2, 52, 8.38720855032428], [2, 53, 6.803399337238064], [2, 54, 6.687441223435287], [2, 55, 5.539754053693301], [2, 56, 9.567481577377555], [2, 57, 9.18511428335518], [2, 58, 9.382405007547135], [2, 59, 7.767525326806854], [2, 60, 9.506277011482208], [2, 61, 9.159757778537106], [2, 62, 9.507742895792164], [2, 63, 9.966839164525908], [2, 64, 6.963872051129165], [2, 65, 6.512386697197462], [2, 66, 8.43214204526914], [2, 67, 7.207698242698991], [2, 68, 5.532923485682366], [2, 69, 8.373187007960944], [2, 70, 9.728113593943856], [3, 0, 7.750895343220325], [3, 1, 7.633410428071], [3, 2, 9.76669949514793], [3, 4, 9.297864235848852], [3, 5, 6.00995969516195], [3, 6, 9.332625258603715], [3, 7, 7.966059917761097], [3, 8, 9.57333179583264], [3, 9, 8.287292325235542], [3, 10, 8.197063458740592], [3, 11, 6.598989136326392], [3, 12, 5.754153812653308], [3, 13, 6.220285980539298], [3, 14, 5.411319168068857], [3, 15, 9.8538637735626], [3, 16, 9.064107542140263], [3, 17, 6.785937720877287], [3, 18, 6.2600190141468985], [3, 19, 9.497803175237475], [3, 20, 5.133715186645688], [3, 21, 8.444796185260724], [3, 22, 9.106702666910408], [3, 23, 7.979069778384078], [3, 24, 7.163756921331259], [3, 25, 6.046944058913198], [3, 26, 9.093813951527363], [3, 27, 6.6407232610806854], [3, 28, 5.724047949585707], [3, 29, 7.528131595065675], [3, 30, 7.754028256218127], [3, 31, 9.662880033638437], [3, 32, 7.775883454635306], [3, 33, 6.8553396165693945], [3, 34, 7.714950551433177], [3, 35, 8.036012052947756], [3, 36, 6.362861377623834], [3, 37, 8.481502440679336], [3, 38, 9.935449790654847], [3, 39, 9.490412698694728], [3, 40, 6.910369834860441], [3, 41, 5.030397444756773], [3, 42, 8.129022724510143], [3, 43, 7.5873855953111455], [3, 44, 8.159053415733508], [3, 45, 5.382667132545185], [3, 46, 7.395979026041024], [3, 47, 5.93090703308461], [3, 48, 7.753183840357867], [3, 49, 8.053021886724524], [3, 50, 6.794257624207094], [3, 51, 7.349070561662865], [3, 52, 6.079132826362601], [3, 53, 7.290624548280762], [3, 54, 8.680059846812648], [3, 55, 9.910400495405705], [3, 56, 9.931803504103353], [3, 57, 8.36164786075651], [3, 58, 6.692296672694646], [3, 59, 5.852312981552156], [3, 60, 5.56596699326063], [3, 61, 9.873049010061848], [3, 62, 8.573857740903774], [3, 63, 9.0303593530089], [3, 64, 6.5525139411571125], [3, 65, 6.458541245601947], [3, 66, 9.540328487432566], [3, 67, 8.687230698788872], [3, 68, 6.667985016639628], [3, 69, 5.486674395009858], [3, 70, 6.921878641710391], [4, 0, 5.240869846016533], [4, 1, 6.1459551793823985], [4, 2, 7.262898260816774], [4, 3, 9.297864235848852], [4, 5, 9.833895099941525], [4, 6, 5.6573591462686466], [4, 7, 5.5618361707491335], [4, 8, 7.396022214620313], [4, 9, 9.461383815322023], [4, 10, 9.129636669060202], [4, 11, 6.715676599509688], [4, 12, 8.364401348063087], [4, 13, 5.531884747444176], [4, 14, 7.6124828283332535], [4, 15, 5.441991665747564], [4, 16, 5.1053423492644265], [4, 17, 9.686099964710614], [4, 18, 9.644546973265495], [4, 19, 6.524456557139427], [4, 20, 5.298885213180092], [4, 21, 7.587717181849858], [4, 22, 5.328111883011985], [4, 23, 9.519832736790885], [4, 24, 6.06556846343241], [4, 25, 5.08188451658803], [4, 26, 5.623593951404037], [4, 27, 5.540147932009891], [4, 28, 5.868015097930702], [4, 29, 5.6065007454711955], [4, 30, 7.132833958935729], [4, 31, 8.406104732037345], [4, 32, 7.25594466745547], [4, 33, 6.416452207650707], [4, 34, 6.960463752685017], [4, 35, 5.213671959549909], [4, 36, 6.0672790900509534], [4, 37, 8.714298684432027], [4, 38, 7.022150909548028], [4, 39, 8.58556414668017], [4, 40, 8.157321564996941], [4, 41, 7.298826136326646], [4, 42, 6.793759729724915], [4, 43, 7.466826528660203], [4, 44, 5.519591839991159], [4, 45, 9.992873489190682], [4, 46, 6.219451437482453], [4, 47, 8.608254395674193], [4, 48, 9.69776376183759], [4, 49, 8.497800861421636], [4, 50, 7.311544371322288], [4, 51, 6.061142605126584], [4, 52, 5.378828072412784], [4, 53, 9.628323345509965], [4, 54, 6.329069756514762], [4, 55, 8.838665723059485], [4, 56, 8.534460918724026], [4, 57, 8.8439113806891], [4, 58, 9.83427376584385], [4, 59, 7.023768180766243], [4, 60, 7.679150265718784], [4, 61, 6.380104375263123], [4, 62, 8.945745538723411], [4, 63, 8.13269796442459], [4, 64, 8.844417011210144], [4, 65, 8.8352981677733], [4, 66, 5.020706395896764], [4, 67, 7.693703235353723], [4, 68, 9.827182695794832], [4, 69, 5.010619716476449], [4, 70, 6.634654792155004], [5, 0, 7.762382896396627], [5, 1, 5.822291193852854], [5, 2, 5.013951285958991], [5, 3, 6.00995969516195], [5, 4, 9.833895099941525], [5, 6, 9.417387501658801], [5, 7, 9.7930700753613], [5, 8, 8.270600980848265], [5, 9, 7.103882824136456], [5, 10, 5.157097684517406], [5, 11, 9.629950794315796], [5, 12, 5.381899905302606], [5, 13, 8.715080068566753], [5, 14, 5.54637899441131], [5, 15, 5.932712895151943], [5, 16, 5.070841515452406], [5, 17, 7.163881534193276], [5, 18, 5.7761367441606435], [5, 19, 5.317435575836608], [5, 20, 5.399124489116289], [5, 21, 9.328532840218825], [5, 22, 9.70243083805906], [5, 23, 7.2304435364904585], [5, 24, 6.215488408898717], [5, 25, 6.201713522174849], [5, 26, 6.487689901035651], [5, 27, 9.946217634463682], [5, 28, 7.503638316403817], [5, 29, 7.214004909310692], [5, 30, 7.944176305016372], [5, 31, 7.301483329227192], [5, 32, 8.482893989586408], [5, 33, 9.960597323358485], [5, 34, 7.793143808062627], [5, 35, 6.481847310106345], [5, 36, 7.829330224452109], [5, 37, 6.741127619482596], [5, 38, 5.448697778546563], [5, 39, 7.913758775262867], [5, 40, 8.911779229532783], [5, 41, 6.095557028235769], [5, 42, 7.180872412313466], [5, 43, 7.5899467321752345], [5, 44, 7.443686760576616], [5, 45, 7.811444307752467], [5, 46, 5.741983059374373], [5, 47, 6.66300707316809], [5, 48, 7.306598353717595], [5, 49, 6.522627280037955], [5, 50, 9.817343768368591], [5, 51, 9.98879670367609], [5, 52, 8.730501415657956], [5, 53, 8.154383114497815], [5, 54, 9.572419803534732], [5, 55, 8.657827397514671], [5, 56, 5.905235232139268], [5, 57, 9.404126783614668], [5, 58, 8.171123176953369], [5, 59, 7.675564244645129], [5, 60, 8.25735534957201], [5, 61, 9.495040441667598], [5, 62, 7.017289450245915], [5, 63, 9.323731207938124], [5, 64, 5.769921193020403], [5, 65, 5.633114248590028], [5, 66, 7.143550881382504], [5, 67, 6.250686772128464], [5, 68, 6.126123041504858], [5, 69, 7.328635924966061], [5, 70, 7.585330572920382], [6, 0, 6.820956685960997], [6, 1, 6.347797422224861], [6, 2, 8.130261339636688], [6, 3, 9.332625258603715], [6, 4, 5.6573591462686466], [6, 5, 9.417387501658801], [6, 7, 6.019903978889493], [6, 8, 7.0808916224635166], [6, 9, 6.260246961969431], [6, 10, 6.874040739038884], [6, 11, 8.206511431714185], [6, 12, 7.420301782225327], [6, 13, 8.182916617218392], [6, 14, 7.936001068786715], [6, 15, 6.016807877465439], [6, 16, 8.536053522984789], [6, 17, 8.493725650987225], [6, 18, 7.897583057037642], [6, 19, 7.345285428043557], [6, 20, 9.282559427669046], [6, 21, 6.224088587152234], [6, 22, 7.2841777580217855], [6, 23, 7.758008479059427], [6, 24, 9.206198871878717], [6, 25, 7.749582455091493], [6, 26, 9.023556438952102], [6, 27, 8.052859337558889], [6, 28, 9.773770623949488], [6, 29, 8.66287683481925], [6, 30, 7.289705808530016], [6, 31, 6.558741719939638], [6, 32, 8.695448685625395], [6, 33, 8.530758108769762], [6, 34, 5.103596771706368], [6, 35, 6.960082151522023], [6, 36, 7.836538069908568], [6, 37, 8.663329308989013], [6, 38, 6.352120894507401], [6, 39, 7.931145357570852], [6, 40, 8.428878505044862], [6, 41, 9.545991511975574], [6, 42, 6.057081727317881], [6, 43, 9.723142567492083], [6, 44, 9.355653618592797], [6, 45, 9.31813587385259], [6, 46, 8.637588256604046], [6, 47, 7.953371249350447], [6, 48, 8.929483353867525], [6, 49, 7.54271409774832], [6, 50, 8.142593724799454], [6, 51, 5.936526237639494], [6, 52, 7.68157475401563], [6, 53, 6.974724924180471], [6, 54, 7.731851513221516], [6, 55, 6.690999714693908], [6, 56, 7.63654726481178], [6, 57, 9.918124673846604], [6, 58, 6.777252278219618], [6, 59, 9.753715945128969], [6, 60, 5.183227936012533], [6, 61, 6.712016642787232], [6, 62, 9.137187529004452], [6, 63, 5.759628906888267], [6, 64, 9.070922398144656], [6, 65, 7.556534205149825], [6, 66, 7.984645881706655], [6, 67, 7.615860663793056], [6, 68, 7.334828923122169], [6, 69, 5.67456391258031], [6, 70, 8.420471704079837], [7, 0, 6.873984522690448], [7, 1, 9.304959308669247], [7, 2, 5.027694031585729], [7, 3, 7.966059917761097], [7, 4, 5.5618361707491335], [7, 5, 9.7930700753613], [7, 6, 6.019903978889493], [7, 8, 9.413129149080548], [7, 9, 5.490294047632924], [7, 10, 9.660430155471307], [7, 11, 5.887500728165925], [7, 12, 8.898772678748356], [7, 13, 7.334474171633124], [7, 14, 7.704975002859848], [7, 15, 6.480224853678841], [7, 16, 8.284058231536921], [7, 17, 6.732092895678436], [7, 18, 6.565836171270664], [7, 19, 8.0951259595191], [7, 20, 6.88678103192041], [7, 21, 9.302528055079353], [7, 22, 8.25131311215365], [7, 23, 7.818121693904249], [7, 24, 6.136575420305851], [7, 25, 5.03673865501022], [7, 26, 6.029321639857628], [7, 27, 5.7066813108626455], [7, 28, 8.069553204926555], [7, 29, 6.070411978821307], [7, 30, 6.563349844769375], [7, 31, 6.080534993275766], [7, 32, 5.092969221675748], [7, 33, 7.69050588703403], [7, 34, 7.774828551570419], [7, 35, 7.907689732017977], [7, 36, 5.522201361678214], [7, 37, 6.374318153083873], [7, 38, 6.278969298966848], [7, 39, 8.511465369136541], [7, 40, 5.28706323162147], [7, 41, 5.273599537068519], [7, 42, 8.061800041633933], [7, 43, 9.051487613894203], [7, 44, 9.022583042384849], [7, 45, 5.453418114050123], [7, 46, 7.650478648677092], [7, 47, 8.111645606237222], [7, 48, 6.637622537520482], [7, 49, 9.56874734871625], [7, 50, 9.67237809674643], [7, 51, 7.973516453846978], [7, 52, 7.7029380916861], [7, 53, 7.049992121817267], [7, 54, 7.169240145446524], [7, 55, 9.43368964303178], [7, 56, 6.017491105171467], [7, 57, 9.588071518520806], [7, 58, 8.120513495937043], [7, 59, 7.489653019726348], [7, 60, 5.8832103374504], [7, 61, 6.1380840992051695], [7, 62, 5.740550948712517], [7, 63, 7.797629498607315], [7, 64, 9.787286591416922], [7, 65, 8.863284828816136], [7, 66, 6.630812063577358], [7, 67, 6.5529831921524995], [7, 68, 8.040461367153007], [7, 69, 9.871656965488214], [7, 70, 7.562703139997114], [8, 0, 5.9860698088959445], [8, 1, 5.412070320840644], [8, 2, 7.637020395033391], [8, 3, 9.57333179583264], [8, 4, 7.396022214620313], [8, 5, 8.270600980848265], [8, 6, 7.0808916224635166], [8, 7, 9.413129149080548], [8, 9, 6.121661577344172], [8, 10, 9.169902374817354], [8, 11, 8.395832653431107], [8, 12, 9.564767008776695], [8, 13, 8.325096190089589], [8, 14, 8.465682995786512], [8, 15, 8.405030707204437], [8, 16, 5.001741939569988], [8, 17, 9.717202467999861], [8, 18, 6.69881146770207], [8, 19, 9.746351167177917], [8, 20, 6.437389147759612], [8, 21, 6.618957854696384], [8, 22, 8.99937231037843], [8, 23, 7.02110461162578], [8, 24, 8.197753471262878], [8, 25, 7.071139495452837], [8, 26, 8.397530849679187], [8, 27, 8.997111102113767], [8, 28, 7.0536728292563895], [8, 29, 6.410577075865256], [8, 30, 6.353026296920174], [8, 31, 7.810253912183645], [8, 32, 6.96129826147077], [8, 33, 7.457573365958316], [8, 34, 8.314590200900017], [8, 35, 7.227356085451575], [8, 36, 5.604049622027654], [8, 37, 5.233273277738076], [8, 38, 5.154136306562387], [8, 39, 5.478354332098382], [8, 40, 8.991515355401905], [8, 41, 8.000485896300562], [8, 42, 9.35251019773436], [8, 43, 6.65183448610316], [8, 44, 9.91513969733854], [8, 45, 9.6913787792876], [8, 46, 8.229780742363872], [8, 47, 9.379315375638571], [8, 48, 9.721383287915659], [8, 49, 8.482146953763163], [8, 50, 6.063416628615515], [8, 51, 5.2608487265531005], [8, 52, 7.43980378628508], [8, 53, 8.483229206545474], [8, 54, 6.704217581109763], [8, 55, 6.234591705388445], [8, 56, 6.407027819249873], [8, 57, 9.61125799026378], [8, 58, 6.178936958071084], [8, 59, 5.567451522807235], [8, 60, 6.5671527510194245], [8, 61, 5.056886768466096], [8, 62, 8.107774375836026], [8, 63, 8.581363279607444], [8, 64, 7.9858426800521], [8, 65, 7.649831953476161], [8, 66, 7.250476375708521], [8, 67, 7.14172474233153], [8, 68, 8.658792272995615], [8, 69, 7.740068004731981], [8, 70, 7.258537945152872], [9, 0, 9.867214643343495], [9, 1, 8.820853531118148], [9, 2, 5.273270436158068], [9, 3, 8.287292325235542], [9, 4, 9.461383815322023], [9, 5, 7.103882824136456], [9, 6, 6.260246961969431], [9, 7, 5.490294047632924], [9, 8, 6.121661577344172], [9, 10, 7.525370193738043], [9, 11, 6.074035081627059], [9, 12, 6.208881768896156], [9, 13, 8.200994003306564], [9, 14, 7.0159017185835655], [9, 15, 8.682960445697312], [9, 16, 5.63911872590145], [9, 17, 8.361967003474561], [9, 18, 7.457864687506957], [9, 19, 8.453770594730537], [9, 20, 6.448652355329605], [9, 21, 6.89859252011785], [9, 22, 9.684480294581729], [9, 23, 5.216095204477533], [9, 24, 6.782703252130597], [9, 25, 7.309003193656092], [9, 26, 6.351292160541732], [9, 27, 5.451728413594214], [9, 28, 6.062149951407658], [9, 29, 7.496876717751036], [9, 30, 5.922245974348876], [9, 31, 6.606004126723741], [9, 32, 5.273848828437357], [9, 33, 9.967072862357838], [9, 34, 6.394691863951129], [9, 35, 7.667321420668797], [9, 36, 8.648435155860646], [9, 37, 7.5425626405785415], [9, 38, 7.270273644314127], [9, 39, 9.089923213489547], [9, 40, 8.712570441701319], [9, 41, 7.724349667550983], [9, 42, 9.569261360998851], [9, 43, 6.860214124500603], [9, 44, 6.939215704569829], [9, 45, 6.020411086885666], [9, 46, 6.384773868612273], [9, 47, 6.055830990984247], [9, 48, 9.168566203969334], [9, 49, 7.880839058200338], [9, 50, 5.9600856228542405], [9, 51, 6.917456151997099], [9, 52, 9.741961853726288], [9, 53, 8.496481981408776], [9, 54, 5.783657600408722], [9, 55, 7.455231228572703], [9, 56, 8.158340443344851], [9, 57, 8.727912463781305], [9, 58, 6.59924026749103], [9, 59, 9.191261895743041], [9, 60, 6.117383008763501], [9, 61, 6.484335455616028], [9, 62, 6.606327654210588], [9, 63, 9.857121246106814], [9, 64, 7.685531997187679], [9, 65, 6.971345232059605], [9, 66, 8.203592900020464], [9, 67, 6.248537157478976], [9, 68, 7.494706305132907], [9, 69, 7.034411370727556], [9, 70, 9.77716800059958], [10, 0, 9.960738747934995], [10, 1, 6.027479873084902], [10, 2, 6.943598575670501], [10, 3, 8.197063458740592], [10, 4, 9.129636669060202], [10, 5, 5.157097684517406], [10, 6, 6.874040739038884], [10, 7, 9.660430155471307], [10, 8, 9.169902374817354], [10, 9, 7.525370193738043], [10, 11, 6.12642139215675], [10, 12, 9.899589458225703], [10, 13, 5.588644785658835], [10, 14, 7.1428294564491495], [10, 15, 8.124997762690338], [10, 16, 6.172012758787692], [10, 17, 9.168747202226333], [10, 18, 9.931513847018362], [10, 19, 6.139877442555032], [10, 20, 6.565089248973595], [10, 21, 5.828208554397747], [10, 22, 6.28848768152038], [10, 23, 5.692894818573661], [10, 24, 6.190768943816184], [10, 25, 5.262106589336008], [10, 26, 5.606516607362165], [10, 27, 7.491231651642101], [10, 28, 9.849842313979321], [10, 29, 7.072892056424751], [10, 30, 7.919209861530971], [10, 31, 8.525869957434377], [10, 32, 6.175382710443447], [10, 33, 5.9220642303770745], [10, 34, 6.100621010408384], [10, 35, 6.37722064307985], [10, 36, 6.013054793966021], [10, 37, 5.659842017319249], [10, 38, 5.086548084092428], [10, 39, 7.825446751857111], [10, 40, 8.226252107812105], [10, 41, 6.667819728822495], [10, 42, 5.5464013555838365], [10, 43, 7.785708756289113], [10, 44, 7.125093002302787], [10, 45, 7.516793226818617], [10, 46, 8.32105319727889], [10, 47, 9.536720030245622], [10, 48, 8.783395714812473], [10, 49, 6.854417739505131], [10, 50, 6.963314718366815], [10, 51, 7.503344180741047], [10, 52, 7.497260122843465], [10, 53, 9.07293121326307], [10, 54, 9.16815488276191], [10, 55, 8.283237898064462], [10, 56, 7.041071360155868], [10, 57, 6.3690711519261285], [10, 58, 5.354372424075229], [10, 59, 7.208214279992829], [10, 60, 8.932503086083226], [10, 61, 9.07330677794205], [10, 62, 6.628887690924981], [10, 63, 6.403085407591497], [10, 64, 8.689818638210436], [10, 65, 8.886656067328767], [10, 66, 8.245000022136457], [10, 67, 8.968989531681974], [10, 68, 8.59098981434372], [10, 69, 8.87071574595073], [10, 70, 9.699529492805762], [11, 0, 7.527436052813131], [11, 1, 6.668178774165894], [11, 2, 5.716343553065545], [11, 3, 6.598989136326392], [11, 4, 6.715676599509688], [11, 5, 9.629950794315796], [11, 6, 8.206511431714185], [11, 7, 5.887500728165925], [11, 8, 8.395832653431107], [11, 9, 6.074035081627059], [11, 10, 6.12642139215675], [11, 12, 9.603993189865452], [11, 13, 5.755251098487809], [11, 14, 7.417689456822365], [11, 15, 8.487863883199456], [11, 16, 9.487148286296602], [11, 17, 5.619055217305809], [11, 18, 9.06714301807641], [11, 19, 7.591859422042978], [11, 20, 8.024518375704304], [11, 21, 9.307087323267519], [11, 22, 6.503567492784112], [11, 23, 5.888325210917257], [11, 24, 6.44516081455418], [11, 25, 6.7007118794061435], [11, 26, 7.374685562351894], [11, 27, 7.843992236969722], [11, 28, 7.311662926426031], [11, 29, 7.427875478915382], [11, 30, 7.444442677820381], [11, 31, 6.107521035180904], [11, 32, 7.496061289188027], [11, 33, 9.668584122127182], [11, 34, 5.579588708184973], [11, 35, 9.411642640387132], [11, 36, 5.4744407175081635], [11, 37, 6.881601594119767], [11, 38, 7.884495639646843], [11, 39, 9.69476896164575], [11, 40, 6.807289731000015], [11, 41, 7.165185695728866], [11, 42, 8.819607881081623], [11, 43, 9.437507295284135], [11, 44, 9.613852841169447], [11, 45, 7.03274471997765], [11, 46, 7.2663326995999435], [11, 47, 9.676074344131], [11, 48, 9.178537360691658], [11, 49, 7.33262982934741], [11, 50, 9.70592115680038], [11, 51, 9.03501384175009], [11, 52, 8.993917674466251], [11, 53, 8.53268015709788], [11, 54, 5.203215166915049], [11, 55, 6.1477341248676485], [11, 56, 7.068868752698887], [11, 57, 5.788901043893239], [11, 58, 5.531852255628374], [11, 59, 7.153660992868998], [11, 60, 6.703306786996239], [11, 61, 6.347552133682434], [11, 62, 6.329971073775992], [11, 63, 5.636003994905133], [11, 64, 8.710798139760328], [11, 65, 6.349740637727731], [11, 66, 8.648071718478036], [11, 67, 8.657933886717515], [11, 68, 7.372214296044184], [11, 69, 7.22258611163763], [11, 70, 6.457584362008091], [12, 0, 5.211211511506273], [12, 1, 7.331478334884785], [12, 2, 6.279772277568398], [12, 3, 5.754153812653308], [12, 4, 8.364401348063087], [12, 5, 5.381899905302606], [12, 6, 7.420301782225327], [12, 7, 8.898772678748356], [12, 8, 9.564767008776695], [12, 9, 6.208881768896156], [12, 10, 9.899589458225703], [12, 11, 9.603993189865452], [12, 13, 5.371271687100918], [12, 14, 7.104174152357896], [12, 15, 9.656415396992909], [12, 16, 8.710945539742479], [12, 17, 6.382601595264916], [12, 18, 6.828805035158119], [12, 19, 8.449261200620482], [12, 20, 8.949595619894165], [12, 21, 8.193950946042413], [12, 22, 7.532231520608713], [12, 23, 7.641504267491759], [12, 24, 7.764330085155398], [12, 25, 5.433867809140337], [12, 26, 9.158236969206769], [12, 27, 6.412851693205406], [12, 28, 7.052969815602573], [12, 29, 8.63528774175753], [12, 30, 5.91305906256757], [12, 31, 5.565065201260342], [12, 32, 9.365775462656654], [12, 33, 8.394989787578298], [12, 34, 7.286502009545639], [12, 35, 7.00083298525948], [12, 36, 5.6422894374503905], [12, 37, 6.546030040415132], [12, 38, 8.808567186811096], [12, 39, 6.4411836758702865], [12, 40, 7.6256505499534475], [12, 41, 9.844760012520595], [12, 42, 8.580590736718227], [12, 43, 8.738896064090508], [12, 44, 8.441561245608526], [12, 45, 5.7882697922679], [12, 46, 6.388496992825985], [12, 47, 5.481033521198356], [12, 48, 5.293854557348156], [12, 49, 7.0162964897711655], [12, 50, 7.366848328350351], [12, 51, 7.571583219846046], [12, 52, 8.940455919963902], [12, 53, 6.5047841062635], [12, 54, 8.642891134437248], [12, 55, 9.326670591604092], [12, 56, 6.602749588396923], [12, 57, 5.93243184890416], [12, 58, 7.569310716247492], [12, 59, 7.074047346272059], [12, 60, 5.148756894976364], [12, 61, 9.724273103272468], [12, 62, 6.8902708202037095], [12, 63, 6.572504156358763], [12, 64, 7.18194252299391], [12, 65, 8.543738323152224], [12, 66, 5.569536490634468], [12, 67, 9.766138793070613], [12, 68, 5.5771393182014855], [12, 69, 8.560901196682774], [12, 70, 6.006525695676059], [13, 0, 9.035978789872493], [13, 1, 5.637538323717982], [13, 2, 7.322620228365965], [13, 3, 6.220285980539298], [13, 4, 5.531884747444176], [13, 5, 8.715080068566753], [13, 6, 8.182916617218392], [13, 7, 7.334474171633124], [13, 8, 8.325096190089589], [13, 9, 8.200994003306564], [13, 10, 5.588644785658835], [13, 11, 5.755251098487809], [13, 12, 5.371271687100918], [13, 14, 5.419470425255365], [13, 15, 6.875779523151251], [13, 16, 8.077118669254002], [13, 17, 8.436875927458713], [13, 18, 5.667562965013916], [13, 19, 9.28424902256388], [13, 20, 6.15772866991693], [13, 21, 5.643569239499934], [13, 22, 6.053086485689734], [13, 23, 6.029908785099198], [13, 24, 6.790061848577404], [13, 25, 6.799340427059274], [13, 26, 5.599487639538062], [13, 27, 5.307672574185595], [13, 28, 7.975119972977956], [13, 29, 8.407549274771391], [13, 30, 9.054180070948657], [13, 31, 7.068538337010851], [13, 32, 6.462953717924934], [13, 33, 6.445958170664258], [13, 34, 8.511491708556546], [13, 35, 6.476083125206946], [13, 36, 8.706292407591617], [13, 37, 7.515198075723268], [13, 38, 6.831692125080426], [13, 39, 9.320043688876602], [13, 40, 6.922506197450721], [13, 41, 5.8687836046534825], [13, 42, 9.430227556979748], [13, 43, 8.789697976190034], [13, 44, 5.071712984878127], [13, 45, 7.143562451291313], [13, 46, 7.301484599155826], [13, 47, 7.602471523222514], [13, 48, 6.947354846434649], [13, 49, 8.081563657963033], [13, 50, 8.103914125287005], [13, 51, 5.000524191363719], [13, 52, 6.606999794454768], [13, 53, 5.320847832190273], [13, 54, 8.034799177518597], [13, 55, 8.259866813473078], [13, 56, 9.23650519458587], [13, 57, 7.007910244949612], [13, 58, 9.126873805883946], [13, 59, 5.395351320470519], [13, 60, 8.432136815033598], [13, 61, 8.631388838058388], [13, 62, 6.372736794311625], [13, 63, 8.791806231238677], [13, 64, 5.8485972259391055], [13, 65, 9.115300088565816], [13, 66, 7.656823139532973], [13, 67, 8.79837747838928], [13, 68, 8.2924623417366], [13, 69, 7.024330046108172], [13, 70, 7.675255174150502], [14, 0, 6.37908874280606], [14, 1, 6.152632346093942], [14, 2, 9.238297458475609], [14, 3, 5.411319168068857], [14, 4, 7.6124828283332535], [14, 5, 5.54637899441131], [14, 6, 7.936001068786715], [14, 7, 7.704975002859848], [14, 8, 8.465682995786512], [14, 9, 7.0159017185835655], [14, 10, 7.1428294564491495], [14, 11, 7.417689456822365], [14, 12, 7.104174152357896], [14, 13, 5.419470425255365], [14, 15, 5.3272309815104455], [14, 16, 6.975479905654685], [14, 17, 6.337920766772537], [14, 18, 5.401405336029947], [14, 19, 8.368874669394648], [14, 20, 7.933654756494268], [14, 21, 8.506124602228146], [14, 22, 6.722466666699856], [14, 23, 8.656079790614179], [14, 24, 7.743371383267627], [14, 25, 9.84707226348381], [14, 26, 6.512607303080339], [14, 27, 9.633271494345479], [14, 28, 8.152629629780268], [14, 29, 5.833003192383755], [14, 30, 5.413878525019741], [14, 31, 6.565641545442344], [14, 32, 8.563147696852525], [14, 33, 9.51573883968873], [14, 34, 5.981562689545289], [14, 35, 5.946446655950609], [14, 36, 8.127364560068935], [14, 37, 5.078472679541786], [14, 38, 5.434864031276748], [14, 39, 6.594485330692323], [14, 40, 7.700824307552341], [14, 41, 6.980962243379137], [14, 42, 6.483957215027916], [14, 43, 6.52596058295367], [14, 44, 8.12965938236426], [14, 45, 5.244724817449961], [14, 46, 9.40121142468054], [14, 47, 5.071367720273912], [14, 48, 9.316795588274545], [14, 49, 8.2968467824895], [14, 50, 8.345370714908364], [14, 51, 5.219424895179581], [14, 52, 5.654289208406903], [14, 53, 5.188124770642539], [14, 54, 5.548565874512191], [14, 55, 8.219085754266679], [14, 56, 5.692916767293163], [14, 57, 8.941052762840618], [14, 58, 8.583090382873444], [14, 59, 8.856247117744335], [14, 60, 7.7281098708282085], [14, 61, 6.505378174990923], [14, 62, 6.407090082733899], [14, 63, 7.299583634566659], [14, 64, 6.351934528487067], [14, 65, 7.992382114621978], [14, 66, 9.651802228668611], [14, 67, 6.493176745335823], [14, 68, 7.742597201246033], [14, 69, 8.531637722580687], [14, 70, 6.787503466455886], [15, 0, 9.761365150358522], [15, 1, 6.256424691882673], [15, 2, 6.978146440521581], [15, 3, 9.8538637735626], [15, 4, 5.441991665747564], [15, 5, 5.932712895151943], [15, 6, 6.016807877465439], [15, 7, 6.480224853678841], [15, 8, 8.405030707204437], [15, 9, 8.682960445697312], [15, 10, 8.124997762690338], [15, 11, 8.487863883199456], [15, 12, 9.656415396992909], [15, 13, 6.875779523151251], [15, 14, 5.3272309815104455], [15, 16, 5.577585478285459], [15, 17, 7.383069180676413], [15, 18, 6.112313119566134], [15, 19, 9.724270588068524], [15, 20, 5.246587922143896], [15, 21, 7.148491494511789], [15, 22, 7.275837089729528], [15, 23, 6.949414596979272], [15, 24, 6.072917385262301], [15, 25, 7.8646711242545395], [15, 26, 9.872553228024682], [15, 27, 9.463653136647626], [15, 28, 5.837954361356253], [15, 29, 9.517884902316588], [15, 30, 8.987993173376818], [15, 31, 6.129531678502942], [15, 32, 5.902860936775232], [15, 33, 7.1593474886203055], [15, 34, 9.305582171282667], [15, 35, 5.23667983188758], [15, 36, 5.130624843984952], [15, 37, 7.751271052441799], [15, 38, 9.8787236428285], [15, 39, 7.519192523794713], [15, 40, 9.115196355980485], [15, 41, 6.692986193891544], [15, 42, 6.818416339893835], [15, 43, 6.114784321459598], [15, 44, 8.709484249496589], [15, 45, 8.975269016731906], [15, 46, 9.823806212705758], [15, 47, 5.677236067050741], [15, 48, 7.710913753564004], [15, 49, 7.210900675455183], [15, 50, 6.86804288191211], [15, 51, 9.375842213710941], [15, 52, 8.406835287966619], [15, 53, 6.625857839534442], [15, 54, 8.151265370077969], [15, 55, 7.3821135400471505], [15, 56, 5.328538316807375], [15, 57, 9.44659704509652], [15, 58, 7.3358858372953595], [15, 59, 6.763439924157246], [15, 60, 8.075820531810043], [15, 61, 6.333420517453391], [15, 62, 8.33605583514561], [15, 63, 5.3506726377896685], [15, 64, 7.003964220962472], [15, 65, 9.237989337434003], [15, 66, 5.636488399667359], [15, 67, 5.220483367019418], [15, 68, 9.06081193265223], [15, 69, 9.052839023441754], [15, 70, 9.92060408801678], [16, 0, 7.398667660713742], [16, 1, 8.68441969003844], [16, 2, 7.071846477043424], [16, 3, 9.064107542140263], [16, 4, 5.1053423492644265], [16, 5, 5.070841515452406], [16, 6, 8.536053522984789], [16, 7, 8.284058231536921], [16, 8, 5.001741939569988], [16, 9, 5.63911872590145], [16, 10, 6.172012758787692], [16, 11, 9.487148286296602], [16, 12, 8.710945539742479], [16, 13, 8.077118669254002], [16, 14, 6.975479905654685], [16, 15, 5.577585478285459], [16, 17, 7.868408343190519], [16, 18, 8.354589571339691], [16, 19, 6.425576806331733], [16, 20, 9.815623392098189], [16, 21, 9.50121785239353], [16, 22, 5.0699857865263525], [16, 23, 6.4600442412636765], [16, 24, 5.513926555895717], [16, 25, 6.811848411590204], [16, 26, 7.771053684709533], [16, 27, 7.340687711433812], [16, 28, 7.811435305094324], [16, 29, 9.756571135135184], [16, 30, 6.1519141806731295], [16, 31, 6.8124983210369345], [16, 32, 5.943641057153202], [16, 33, 5.367183258553634], [16, 34, 9.79311433593736], [16, 35, 8.800703108001567], [16, 36, 9.783540516145777], [16, 37, 9.79189232635917], [16, 38, 6.715432540847119], [16, 39, 6.951369669402913], [16, 40, 8.107227339376285], [16, 41, 7.846906167766209], [16, 42, 6.627178940784675], [16, 43, 5.23870007716544], [16, 44, 7.807657211007015], [16, 45, 7.384003375635138], [16, 46, 8.572815569032098], [16, 47, 5.685688904354266], [16, 48, 8.657889385417722], [16, 49, 8.737754266182165], [16, 50, 6.713810187975794], [16, 51, 7.527919927332323], [16, 52, 8.384342457617114], [16, 53, 8.282707675764655], [16, 54, 9.325371802667835], [16, 55, 9.74378701002804], [16, 56, 7.857443660390935], [16, 57, 8.962002137932686], [16, 58, 9.551918318927378], [16, 59, 9.279450072894768], [16, 60, 9.952698505941395], [16, 61, 7.5152078418257595], [16, 62, 6.3854285502486015], [16, 63, 9.042299642361192], [16, 64, 8.848167046554961], [16, 65, 7.378719118682023], [16, 66, 5.7095110859853815], [16, 67, 9.238784352603215], [16, 68, 5.867902973546462], [16, 69, 8.063525693315441], [16, 70, 7.435332194143408], [17, 0, 6.197893101807245], [17, 1, 9.242440368489182], [17, 2, 9.61350415062922], [17, 3, 6.785937720877287], [17, 4, 9.686099964710614], [17, 5, 7.163881534193276], [17, 6, 8.493725650987225], [17, 7, 6.732092895678436], [17, 8, 9.717202467999861], [17, 9, 8.361967003474561], [17, 10, 9.168747202226333], [17, 11, 5.619055217305809], [17, 12, 6.382601595264916], [17, 13, 8.436875927458713], [17, 14, 6.337920766772537], [17, 15, 7.383069180676413], [17, 16, 7.868408343190519], [17, 18, 5.5684094044178725], [17, 19, 7.239074095584751], [17, 20, 5.1131976127637975], [17, 21, 9.72047293977198], [17, 22, 5.116635427469284], [17, 23, 6.538669938009795], [17, 24, 9.303901647307127], [17, 25, 8.840646424069984], [17, 26, 7.047098673394354], [17, 27, 7.676454003183798], [17, 28, 8.342902536189204], [17, 29, 6.029167717128758], [17, 30, 6.41915177295701], [17, 31, 8.561592408495894], [17, 32, 6.241221508056628], [17, 33, 5.544629056429475], [17, 34, 8.359933702443094], [17, 35, 6.620959281610782], [17, 36, 8.540693833753057], [17, 37, 8.021628006687358], [17, 38, 8.344991816656051], [17, 39, 7.64946532903239], [17, 40, 7.356939962111996], [17, 41, 6.5665337811647575], [17, 42, 7.8713362879861775], [17, 43, 5.466505878253867], [17, 44, 6.789988010059541], [17, 45, 6.036516729791198], [17, 46, 5.730111534145342], [17, 47, 5.171444863188911], [17, 48, 6.931356155567569], [17, 49, 7.33184790761306], [17, 50, 8.287752414158911], [17, 51, 7.96964312051673], [17, 52, 9.928968780221261], [17, 53, 5.225023962905], [17, 54, 5.538976765924438], [17, 55, 6.222188335846827], [17, 56, 8.56810974229611], [17, 57, 8.156462780589322], [17, 58, 7.595648287371381], [17, 59, 6.776437194831818], [17, 60, 7.184653035195305], [17, 61, 5.254193039693404], [17, 62, 6.823681326302287], [17, 63, 9.558336675120461], [17, 64, 7.218947104786494], [17, 65, 5.728946968788236], [17, 66, 9.251806408153879], [17, 67, 9.628778355863012], [17, 68, 6.709365109971326], [17, 69, 9.542746001454763], [17, 70, 5.895524045045325], [18, 0, 5.794708994610558], [18, 1, 8.02265642500231], [18, 2, 6.548450018252472], [18, 3, 6.2600190141468985], [18, 4, 9.644546973265495], [18, 5, 5.7761367441606435], [18, 6, 7.897583057037642], [18, 7, 6.565836171270664], [18, 8, 6.69881146770207], [18, 9, 7.457864687506957], [18, 10, 9.931513847018362], [18, 11, 9.06714301807641], [18, 12, 6.828805035158119], [18, 13, 5.667562965013916], [18, 14, 5.401405336029947], [18, 15, 6.112313119566134], [18, 16, 8.354589571339691], [18, 17, 5.5684094044178725], [18, 19, 8.341782029520033], [18, 20, 7.36166073263268], [18, 21, 5.684796131213147], [18, 22, 7.944596440048512], [18, 23, 7.690269679356884], [18, 24, 7.473826542926533], [18, 25, 9.13255454773989], [18, 26, 5.969829700299437], [18, 27, 7.591915045850165], [18, 28, 9.364380818708788], [18, 29, 9.638424982650065], [18, 30, 8.21783784105303], [18, 31, 6.41498294414901], [18, 32, 5.900080318317861], [18, 33, 5.481169134752748], [18, 34, 5.207305287669465], [18, 35, 7.034563921509038], [18, 36, 5.069249573216413], [18, 37, 5.292248519546288], [18, 38, 5.472363771634884], [18, 39, 5.877714473018448], [18, 40, 5.8021456904758715], [18, 41, 7.932542144048282], [18, 42, 9.210623457040395], [18, 43, 7.776305602056379], [18, 44, 7.763433809076471], [18, 45, 5.899208058040446], [18, 46, 9.225089458838845], [18, 47, 9.670348975438795], [18, 48, 7.320651974754297], [18, 49, 5.910502794557369], [18, 50, 5.330860005788369], [18, 51, 9.919597881611649], [18, 52, 9.215743695454847], [18, 53, 7.465682277029404], [18, 54, 9.364487668321711], [18, 55, 8.989693483198632], [18, 56, 9.0182799772044], [18, 57, 6.195659100191165], [18, 58, 8.543148038507628], [18, 59, 9.043359591720773], [18, 60, 9.2439432354122], [18, 61, 5.760694243597689], [18, 62, 9.76697444982793], [18, 63, 6.31769432940514], [18, 64, 5.940908694150208], [18, 65, 5.553036605437729], [18, 66, 8.861143966811767], [18, 67, 9.842777203808273], [18, 68, 5.448448346775915], [18, 69, 7.300116347246824], [18, 70, 6.2875973481947085], [19, 0, 5.159603852327241], [19, 1, 5.908676875514835], [19, 2, 9.799879026733858], [19, 3, 9.497803175237475], [19, 4, 6.524456557139427], [19, 5, 5.317435575836608], [19, 6, 7.345285428043557], [19, 7, 8.0951259595191], [19, 8, 9.746351167177917], [19, 9, 8.453770594730537], [19, 10, 6.139877442555032], [19, 11, 7.591859422042978], [19, 12, 8.449261200620482], [19, 13, 9.28424902256388], [19, 14, 8.368874669394648], [19, 15, 9.724270588068524], [19, 16, 6.425576806331733], [19, 17, 7.239074095584751], [19, 18, 8.341782029520033], [19, 20, 9.209820641053309], [19, 21, 9.509590435794253], [19, 22, 8.899355384105462], [19, 23, 7.121267555632818], [19, 24, 6.636240558810486], [19, 25, 8.818264961422463], [19, 26, 5.80957927840225], [19, 27, 5.095417950440856], [19, 28, 9.968937141094887], [19, 29, 9.598416223860905], [19, 30, 9.468750467806835], [19, 31, 9.537624903766744], [19, 32, 7.847112119071653], [19, 33, 6.99110715056365], [19, 34, 7.8869904761036285], [19, 35, 5.08971543270562], [19, 36, 6.871729817184352], [19, 37, 9.811164978894677], [19, 38, 7.056314693498953], [19, 39, 7.6220245561227795], [19, 40, 9.915170124069626], [19, 41, 7.912321835442385], [19, 42, 7.297322976284857], [19, 43, 8.63703488604075], [19, 44, 7.838047578877305], [19, 45, 7.938526314967007], [19, 46, 6.41957034938065], [19, 47, 6.334449549367758], [19, 48, 8.21347943489018], [19, 49, 9.807249757058898], [19, 50, 8.158563285130299], [19, 51, 8.42827046923029], [19, 52, 9.196062435391982], [19, 53, 9.760788447405094], [19, 54, 8.106424289204815], [19, 55, 5.4979005257068385], [19, 56, 7.069237373328896], [19, 57, 9.11189943965114], [19, 58, 9.151563349846079], [19, 59, 9.023923162278724], [19, 60, 9.057873955976703], [19, 61, 8.052244153706267], [19, 62, 9.989312596879474], [19, 63, 8.278683723632778], [19, 64, 5.104642743857687], [19, 65, 9.119191461964496], [19, 66, 9.309443622783554], [19, 67, 8.055192848046616], [19, 68, 9.898791564096003], [19, 69, 5.990784561064021], [19, 70, 5.86164874624553], [20, 0, 6.468526186461777], [20, 1, 6.34245262880355], [20, 2, 7.265007271174209], [20, 3, 5.133715186645688], [20, 4, 5.298885213180092], [20, 5, 5.399124489116289], [20, 6, 9.282559427669046], [20, 7, 6.88678103192041], [20, 8, 6.437389147759612], [20, 9, 6.448652355329605], [20, 10, 6.565089248973595], [20, 11, 8.024518375704304], [20, 12, 8.949595619894165],