{"0": {"num_nodes": 40, "edges": [[0, 1, 7.647705965238586], [0, 2, 9.305825583304454], [0, 3, 5.027370522227904], [0, 4, 9.763978447917921], [0, 5, 5.040439452671052], [0, 6, 7.22053910745122], [0, 7, 8.121378519534236], [0, 8, 7.985149979900186], [0, 9, 7.498555911537098], [0, 10, 6.889504840716619], [0, 11, 9.351564881305578], [0, 12, 8.521796619553584], [0, 13, 9.730538315529678], [0, 14, 7.518674525003405], [0, 15, 6.870997812359645], [0, 16, 7.472149459942051], [0, 17, 9.40955810634456], [0, 18, 9.03101792891258], [0, 19, 8.613889566048773], [0, 20, 8.152288654301884], [0, 21, 7.805947976681102], [0, 22, 8.710070410554664], [0, 23, 9.99703590963351], [0, 24, 7.289146907855232], [0, 25, 6.0698968931930715], [0, 26, 6.829896812276063], [0, 27, 9.034599017547443], [0, 28, 7.8612261325391], [0, 29, 8.858165145172947], [0, 30, 6.367932017211023], [0, 31, 7.708310195316516], [0, 32, 6.554048941798955], [0, 33, 6.711478308043689], [0, 34, 5.731919254811823], [0, 35, 6.022136343922114], [0, 36, 8.54192947514583], [0, 37, 7.172700333785274], [0, 38, 6.100131036144617], [0, 39, 8.134013261355289], [1, 0, 7.647705965238586], [1, 2, 9.821861035851597], [1, 3, 7.975405405547713], [1, 4, 8.256481545223004], [1, 5, 6.009430214075492], [1, 6, 5.894823221089375], [1, 7, 8.137285490987978], [1, 8, 6.268383850171719], [1, 9, 6.05913484288119], [1, 10, 5.968864385820664], [1, 11, 8.553166440651605], [1, 12, 6.2095434427262175], [1, 13, 6.8340223142020395], [1, 14, 5.220106585488505], [1, 15, 6.982737781178621], [1, 16, 5.047356145417193], [1, 17, 7.943426050490514], [1, 18, 6.390980154896604], [1, 19, 5.40326714419973], [1, 20, 8.534533434941608], [1, 21, 5.77026042314343], [1, 22, 5.731083070587816], [1, 23, 5.443720273981566], [1, 24, 9.376837103163467], [1, 25, 7.880757296633584], [1, 26, 5.144485471952481], [1, 27, 9.682108000662017], [1, 28, 6.7937913402595775], [1, 29, 8.474290772735237], [1, 30, 7.332781948286824], [1, 31, 8.917769106482183], [1, 32, 5.34265635792086], [1, 33, 5.60874296682034], [1, 34, 7.921484053319912], [1, 35, 8.287028026268398], [1, 36, 8.89870770696249], [1, 37, 7.748860453902804], [1, 38, 7.799229245259202], [1, 39, 6.677091449431868], [2, 0, 9.305825583304454], [2, 1, 9.821861035851597], [2, 3, 5.729962345984957], [2, 4, 7.3708978298229], [2, 5, 8.496844868501244], [2, 6, 5.52583773376521], [2, 7, 5.911639293841326], [2, 8, 5.287983815592762], [2, 9, 7.485019803281966], [2, 10, 8.548350218745558], [2, 11, 7.995055965203977], [2, 12, 8.764523664821212], [2, 13, 7.135482493101328], [2, 14, 5.023879400207617], [2, 15, 8.253168923251081], [2, 16, 9.462701865865542], [2, 17, 6.358267077533338], [2, 18, 7.126222880656204], [2, 19, 6.684277777511915], [2, 20, 9.044782505520029], [2, 21, 7.7155732615445025], [2, 22, 7.353363553680842], [2, 23, 8.025773747691932], [2, 24, 8.628843866540954], [2, 25, 9.679391187141068], [2, 26, 6.78670380736109], [2, 27, 8.999626507155906], [2, 28, 6.99695939109027], [2, 29, 6.477424442708648], [2, 30, 7.5042126636592865], [2, 31, 7.05226032669968], [2, 32, 5.5927464961577025], [2, 33, 5.414419335270983], [2, 34, 6.9026835038471805], [2, 35, 9.174048734550983], [2, 36, 5.263549449734136], [2, 37, 8.323994412547494], [2, 38, 9.642515759229527], [2, 39, 7.793514291333709], [3, 0, 5.027370522227904], [3, 1, 7.975405405547713], [3, 2, 5.729962345984957], [3, 4, 8.092220664962491], [3, 5, 8.109381388566742], [3, 6, 6.894834548648173], [3, 7, 7.090655637676461], [3, 8, 9.882624401384264], [3, 9, 6.822896731619463], [3, 10, 9.944360444848563], [3, 11, 6.047982557623552], [3, 12, 7.03487350564715], [3, 13, 8.621585883152719], [3, 14, 8.799566879551435], [3, 15, 9.101347470165901], [3, 16, 6.4304262152780876], [3, 17, 6.009050630538596], [3, 18, 9.694789231336507], [3, 19, 5.677540729312019], [3, 20, 9.587264390002698], [3, 21, 6.608317884744599], [3, 22, 8.93729195067419], [3, 23, 6.92338597740098], [3, 24, 8.281257971905845], [3, 25, 7.750715553953297], [3, 26, 6.0288583159261275], [3, 27, 9.879414761312002], [3, 28, 9.356550875245713], [3, 29, 5.145454975056855], [3, 30, 9.918484288788449], [3, 31, 5.936380380119831], [3, 32, 9.107148605778287], [3, 33, 8.188285030041689], [3, 34, 8.368708738523654], [3, 35, 8.96077546771183], [3, 36, 7.301239880695945], [3, 37, 8.70091926713347], [3, 38, 6.447115872598864], [3, 39, 7.60962603961871], [4, 0, 9.763978447917921], [4, 1, 8.256481545223004], [4, 2, 7.3708978298229], [4, 3, 8.092220664962491], [4, 5, 8.06739173770925], [4, 6, 7.447946556763444], [4, 7, 8.32840377508205], [4, 8, 8.701127150657253], [4, 9, 7.750661758492141], [4, 10, 7.016990845149147], [4, 11, 6.546056252367219], [4, 12, 6.160493319968592], [4, 13, 9.201722728700698], [4, 14, 7.225497479289306], [4, 15, 8.088705356623743], [4, 16, 9.975482492849467], [4, 17, 7.920807814541156], [4, 18, 5.933183074859164], [4, 19, 7.504626444713724], [4, 20, 6.126560502800785], [4, 21, 8.09129628985745], [4, 22, 6.549488880269365], [4, 23, 5.866456761591636], [4, 24, 7.487837102013632], [4, 25, 6.509737640214336], [4, 26, 8.248286797453458], [4, 27, 7.639138985221054], [4, 28, 5.261316049279276], [4, 29, 7.754337736052595], [4, 30, 7.075497787982821], [4, 31, 9.437880820615048], [4, 32, 6.795073696138178], [4, 33, 8.963564338887426], [4, 34, 7.750680091166462], [4, 35, 7.471502819255023], [4, 36, 5.980340110997026], [4, 37, 7.924043434517651], [4, 38, 8.512268897636616], [4, 39, 9.613197556746107], [5, 0, 5.040439452671052], [5, 1, 6.009430214075492], [5, 2, 8.496844868501244], [5, 3, 8.109381388566742], [5, 4, 8.06739173770925], [5, 6, 9.726350914603081], [5, 7, 6.515864646766586], [5, 8, 8.091818351823381], [5, 9, 5.033520010578628], [5, 10, 6.322627305849504], [5, 11, 8.945672195815225], [5, 12, 5.875375608597453], [5, 13, 8.7493126276799], [5, 14, 6.628481415786607], [5, 15, 8.325335039755256], [5, 16, 7.807968404582212], [5, 17, 8.135593548315248], [5, 18, 7.6358607982860764], [5, 19, 5.3060922142130025], [5, 20, 5.803127951140549], [5, 21, 6.242755346680969], [5, 22, 5.518328063048093], [5, 23, 6.0516443982036305], [5, 24, 7.85737834530621], [5, 25, 7.885611082768099], [5, 26, 7.930163304946332], [5, 27, 9.713726214242683], [5, 28, 9.304267341489918], [5, 29, 6.2087821904670175], [5, 30, 8.699307455110368], [5, 31, 9.319709936018803], [5, 32, 6.24250545658429], [5, 33, 7.394118209763931], [5, 34, 8.031487197606594], [5, 35, 6.187400112003788], [5, 36, 7.131417225685262], [5, 37, 9.025798209726634], [5, 38, 7.848444482506226], [5, 39, 7.046735215066715], [6, 0, 7.22053910745122], [6, 1, 5.894823221089375], [6, 2, 5.52583773376521], [6, 3, 6.894834548648173], [6, 4, 7.447946556763444], [6, 5, 9.726350914603081], [6, 7, 9.521537621820716], [6, 8, 7.01154080953029], [6, 9, 8.818092536706427], [6, 10, 5.354041583256571], [6, 11, 6.082223107591937], [6, 12, 6.2242421402451065], [6, 13, 7.488399571085479], [6, 14, 9.09652935655274], [6, 15, 7.349078057653848], [6, 16, 6.178052404933706], [6, 17, 7.697649459468724], [6, 18, 9.434237020651151], [6, 19, 9.464021918455032], [6, 20, 9.506418092336695], [6, 21, 6.757250437297548], [6, 22, 5.964104357681415], [6, 23, 8.919857983358293], [6, 24, 7.062546348497366], [6, 25, 5.847767547613636], [6, 26, 6.346417177725403], [6, 27, 9.62316028000862], [6, 28, 5.206694981816921], [6, 29, 7.9429243086111745], [6, 30, 8.674153501881218], [6, 31, 6.297879057315567], [6, 32, 7.232995006390152], [6, 33, 8.440068121768977], [6, 34, 8.553344999224723], [6, 35, 8.771482383559817], [6, 36, 7.325063118224477], [6, 37, 7.124765897061565], [6, 38, 9.517428444836767], [6, 39, 5.062141612336412], [7, 0, 8.121378519534236], [7, 1, 8.137285490987978], [7, 2, 5.911639293841326], [7, 3, 7.090655637676461], [7, 4, 8.32840377508205], [7, 5, 6.515864646766586], [7, 6, 9.521537621820716], [7, 8, 7.680415217764385], [7, 9, 8.990670424613942], [7, 10, 7.724856556053602], [7, 11, 7.56827994503325], [7, 12, 8.351358650852262], [7, 13, 9.13325085784362], [7, 14, 8.810174784675137], [7, 15, 5.307769071674471], [7, 16, 5.016723320342928], [7, 17, 7.480541171364399], [7, 18, 8.626980964976639], [7, 19, 6.019681274329077], [7, 20, 9.679970848575632], [7, 21, 6.556286285497259], [7, 22, 7.275938493234483], [7, 23, 6.805036642116869], [7, 24, 5.868632575620613], [7, 25, 9.838835609889813], [7, 26, 9.572346755675548], [7, 27, 8.017582866000952], [7, 28, 7.1464742468447096], [7, 29, 8.92786466854946], [7, 30, 8.044486048871033], [7, 31, 9.667191853746225], [7, 32, 5.305857187796291], [7, 33, 7.91501960556699], [7, 34, 6.700498259223581], [7, 35, 7.2562212699613715], [7, 36, 6.466594374742949], [7, 37, 7.36374479980748], [7, 38, 5.474606109973074], [7, 39, 8.155978015951833], [8, 0, 7.985149979900186], [8, 1, 6.268383850171719], [8, 2, 5.287983815592762], [8, 3, 9.882624401384264], [8, 4, 8.701127150657253], [8, 5, 8.091818351823381], [8, 6, 7.01154080953029], [8, 7, 7.680415217764385], [8, 9, 7.388456453712432], [8, 10, 6.396132801513476], [8, 11, 7.7455096498148475], [8, 12, 7.47028890190497], [8, 13, 6.792097089124788], [8, 14, 5.65672858221882], [8, 15, 9.270517361100742], [8, 16, 8.622866499247687], [8, 17, 7.477229815367292], [8, 18, 5.42037979832644], [8, 19, 8.89031147030024], [8, 20, 5.1044623806055425], [8, 21, 6.3897601260587615], [8, 22, 7.816083717327107], [8, 23, 5.344425986847277], [8, 24, 8.83506241372729], [8, 25, 6.463293112472979], [8, 26, 6.016469237513093], [8, 27, 6.142439920344843], [8, 28, 9.452181288290792], [8, 29, 7.936588672996873], [8, 30, 7.122083187078972], [8, 31, 8.694943736165811], [8, 32, 5.109451393359716], [8, 33, 5.051286290376344], [8, 34, 6.334462402640595], [8, 35, 7.164396369828889], [8, 36, 6.251614061792083], [8, 37, 8.190212256836094], [8, 38, 8.201356643290683], [8, 39, 8.611506628158565], [9, 0, 7.498555911537098], [9, 1, 6.05913484288119], [9, 2, 7.485019803281966], [9, 3, 6.822896731619463], [9, 4, 7.750661758492141], [9, 5, 5.033520010578628], [9, 6, 8.818092536706427], [9, 7, 8.990670424613942], [9, 8, 7.388456453712432], [9, 10, 8.589082171551524], [9, 11, 9.851234927730633], [9, 12, 6.175214935658668], [9, 13, 9.202956873164704], [9, 14, 6.260703683989277], [9, 15, 5.397568320104362], [9, 16, 5.50570074248839], [9, 17, 6.211285989206346], [9, 18, 7.838975578843837], [9, 19, 9.66985452560553], [9, 20, 9.509218925862506], [9, 21, 5.914508619207447], [9, 22, 5.601762850998029], [9, 23, 9.319105056137241], [9, 24, 8.863066794784444], [9, 25, 6.416178851176475], [9, 26, 5.552357332767745], [9, 27, 8.98687162188391], [9, 28, 6.694646718312043], [9, 29, 7.5031010542783045], [9, 30, 8.954586816747394], [9, 31, 6.661740690017816], [9, 32, 9.68838578899675], [9, 33, 5.304936458044346], [9, 34, 6.962567302914107], [9, 35, 6.101129456162466], [9, 36, 8.197104211306769], [9, 37, 7.364801232479099], [9, 38, 8.897662170036977], [9, 39, 8.298747018553465], [10, 0, 6.889504840716619], [10, 1, 5.968864385820664], [10, 2, 8.548350218745558], [10, 3, 9.944360444848563], [10, 4, 7.016990845149147], [10, 5, 6.322627305849504], [10, 6, 5.354041583256571], [10, 7, 7.724856556053602], [10, 8, 6.396132801513476], [10, 9, 8.589082171551524], [10, 11, 9.800116416497328], [10, 12, 9.584027967273371], [10, 13, 8.377761120660765], [10, 14, 7.368518173454472], [10, 15, 5.638587167513422], [10, 16, 5.1157243128574175], [10, 17, 9.681918170014793], [10, 18, 9.710547981113304], [10, 19, 7.822895289533617], [10, 20, 6.393250226596727], [10, 21, 5.314252906222166], [10, 22, 7.979110016794799], [10, 23, 6.900642446614058], [10, 24, 6.482133519408869], [10, 25, 9.4558314656848], [10, 26, 9.770035283705873], [10, 27, 9.289978377598642], [10, 28, 5.456505272630085], [10, 29, 7.238416939591458], [10, 30, 9.306342865184508], [10, 31, 9.263059688876094], [10, 32, 7.8548248162978505], [10, 33, 5.044749953867286], [10, 34, 9.020390903638567], [10, 35, 9.33828667987757], [10, 36, 9.238026874971634], [10, 37, 8.862782888036119], [10, 38, 7.538501423678077], [10, 39, 5.109765244329686], [11, 0, 9.351564881305578], [11, 1, 8.553166440651605], [11, 2, 7.995055965203977], [11, 3, 6.047982557623552], [11, 4, 6.546056252367219], [11, 5, 8.945672195815225], [11, 6, 6.082223107591937], [11, 7, 7.56827994503325], [11, 8, 7.7455096498148475], [11, 9, 9.851234927730633], [11, 10, 9.800116416497328], [11, 12, 8.614421352582802], [11, 13, 7.482194780313943], [11, 14, 5.083352553103142], [11, 15, 6.984584619855707], [11, 16, 9.352096338105007], [11, 17, 7.6136592796739], [11, 18, 6.214583738052514], [11, 19, 6.925137739693025], [11, 20, 6.6764463381096615], [11, 21, 8.746553050939916], [11, 22, 9.50337258904996], [11, 23, 7.3308506866821075], [11, 24, 5.522366771576128], [11, 25, 5.422425324279854], [11, 26, 7.476678957666405], [11, 27, 8.111064270619568], [11, 28, 8.119715713354703], [11, 29, 9.827539011625934], [11, 30, 9.286157644507508], [11, 31, 6.173720856979575], [11, 32, 9.909466172784535], [11, 33, 5.857839903116889], [11, 34, 5.817149687827888], [11, 35, 7.782381719789263], [11, 36, 6.769370874326853], [11, 37, 9.751890633205555], [11, 38, 6.154004223648481], [11, 39, 6.120840729046305], [12, 0, 8.521796619553584], [12, 1, 6.2095434427262175], [12, 2, 8.764523664821212], [12, 3, 7.03487350564715], [12, 4, 6.160493319968592], [12, 5, 5.875375608597453], [12, 6, 6.2242421402451065], [12, 7, 8.351358650852262], [12, 8, 7.47028890190497], [12, 9, 6.175214935658668], [12, 10, 9.584027967273371], [12, 11, 8.614421352582802], [12, 13, 8.052122801174079], [12, 14, 7.5812714432602535], [12, 15, 9.316127007821766], [12, 16, 9.303058841524951], [12, 17, 6.458281884362308], [12, 18, 5.714305904758474], [12, 19, 8.383340710130899], [12, 20, 9.154185858193156], [12, 21, 9.617753632628162], [12, 22, 6.776537759811504], [12, 23, 7.8736590233523405], [12, 24, 9.837501792841223], [12, 25, 6.210474187994268], [12, 26, 5.8869835766278555], [12, 27, 9.110488867709197], [12, 28, 8.497219203653827], [12, 29, 6.775731128564104], [12, 30, 8.683511011360018], [12, 31, 7.58199694003415], [12, 32, 5.108875119056963], [12, 33, 9.741348267111157], [12, 34, 5.305417137232119], [12, 35, 9.405783659540365], [12, 36, 8.63524544800742], [12, 37, 6.623941216493687], [12, 38, 9.684505857182408], [12, 39, 9.924251104360806], [13, 0, 9.730538315529678], [13, 1, 6.8340223142020395], [13, 2, 7.135482493101328], [13, 3, 8.621585883152719], [13, 4, 9.201722728700698], [13, 5, 8.7493126276799], [13, 6, 7.488399571085479], [13, 7, 9.13325085784362], [13, 8, 6.792097089124788], [13, 9, 9.202956873164704], [13, 10, 8.377761120660765], [13, 11, 7.482194780313943], [13, 12, 8.052122801174079], [13, 14, 5.566574513580859], [13, 15, 7.13815097163593], [13, 16, 8.596358184098063], [13, 17, 7.477261649214778], [13, 18, 6.3549159447720704], [13, 19, 8.757841082890135], [13, 20, 8.09700447403392], [13, 21, 8.320173074196354], [13, 22, 6.277875011528357], [13, 23, 8.33705580015135], [13, 24, 6.364629999500524], [13, 25, 9.210371439782678], [13, 26, 9.69095569880997], [13, 27, 8.460689867592215], [13, 28, 7.292461589098466], [13, 29, 8.875188442994485], [13, 30, 7.6505489181730955], [13, 31, 7.232072263905271], [13, 32, 9.923650671601113], [13, 33, 9.17164296472307], [13, 34, 7.564078964304737], [13, 35, 9.338551726508076], [13, 36, 6.002470390165012], [13, 37, 7.76555832726136], [13, 38, 6.671910087070733], [13, 39, 7.392527010643504], [14, 0, 7.518674525003405], [14, 1, 5.220106585488505], [14, 2, 5.023879400207617], [14, 3, 8.799566879551435], [14, 4, 7.225497479289306], [14, 5, 6.628481415786607], [14, 6, 9.09652935655274], [14, 7, 8.810174784675137], [14, 8, 5.65672858221882], [14, 9, 6.260703683989277], [14, 10, 7.368518173454472], [14, 11, 5.083352553103142], [14, 12, 7.5812714432602535], [14, 13, 5.566574513580859], [14, 15, 6.831813430990542], [14, 16, 7.493779090675387], [14, 17, 6.532834608558453], [14, 18, 5.654164920979317], [14, 19, 5.006913177565725], [14, 20, 7.096954003556935], [14, 21, 7.31379492652679], [14, 22, 8.247793600060529], [14, 23, 9.03808164032489], [14, 24, 6.9073035332476795], [14, 25, 8.768654707691644], [14, 26, 7.248756011699544], [14, 27, 7.323492253792278], [14, 28, 9.914874266574298], [14, 29, 7.644395248377426], [14, 30, 5.896931153138906], [14, 31, 7.421842152333337], [14, 32, 7.156859088578134], [14, 33, 7.3761648707149785], [14, 34, 6.162519470021507], [14, 35, 6.597530044354169], [14, 36, 5.562423527103471], [14, 37, 8.91768140034186], [14, 38, 8.583185814259577], [14, 39, 9.082139872584817], [15, 0, 6.870997812359645], [15, 1, 6.982737781178621], [15, 2, 8.253168923251081], [15, 3, 9.101347470165901], [15, 4, 8.088705356623743], [15, 5, 8.325335039755256], [15, 6, 7.349078057653848], [15, 7, 5.307769071674471], [15, 8, 9.270517361100742], [15, 9, 5.397568320104362], [15, 10, 5.638587167513422], [15, 11, 6.984584619855707], [15, 12, 9.316127007821766], [15, 13, 7.13815097163593], [15, 14, 6.831813430990542], [15, 16, 8.390611757746194], [15, 17, 6.888710778841645], [15, 18, 6.9496675764485865], [15, 19, 6.0095952368374075], [15, 20, 6.2889046817473115], [15, 21, 7.447650481946269], [15, 22, 9.613251945157447], [15, 23, 9.250834284160632], [15, 24, 9.898097291140814], [15, 25, 8.838426498165628], [15, 26, 8.184663096317273], [15, 27, 8.8046106925532], [15, 28, 5.937246521311538], [15, 29, 9.501533392520392], [15, 30, 9.020370649517947], [15, 31, 5.531574702184162], [15, 32, 6.799624053853863], [15, 33, 6.065721890706893], [15, 34, 6.955256230453512], [15, 35, 5.735867916137934], [15, 36, 5.682812711822381], [15, 37, 6.187164379688809], [15, 38, 8.722811636923357], [15, 39, 8.610968042140057], [16, 0, 7.472149459942051], [16, 1, 5.047356145417193], [16, 2, 9.462701865865542], [16, 3, 6.4304262152780876], [16, 4, 9.975482492849467], [16, 5, 7.807968404582212], [16, 6, 6.178052404933706], [16, 7, 5.016723320342928], [16, 8, 8.622866499247687], [16, 9, 5.50570074248839], [16, 10, 5.1157243128574175], [16, 11, 9.352096338105007], [16, 12, 9.303058841524951], [16, 13, 8.596358184098063], [16, 14, 7.493779090675387], [16, 15, 8.390611757746194], [16, 17, 9.447882589120098], [16, 18, 6.7804565450402965], [16, 19, 5.097343071138234], [16, 20, 7.619195066745359], [16, 21, 7.714210998466108], [16, 22, 9.152426973434077], [16, 23, 5.251762140554423], [16, 24, 5.230936152551996], [16, 25, 9.633495502617357], [16, 26, 7.590662148057934], [16, 27, 7.739730173707855], [16, 28, 5.4973623037143575], [16, 29, 5.590756929047212], [16, 30, 9.959814196090157], [16, 31, 8.205124866859178], [16, 32, 5.051785674552939], [16, 33, 7.753106608660255], [16, 34, 7.600546734522947], [16, 35, 9.780900466062196], [16, 36, 8.718691411220146], [16, 37, 9.246563165036722], [16, 38, 8.671860567356482], [16, 39, 8.075251052979636], [17, 0, 9.40955810634456], [17, 1, 7.943426050490514], [17, 2, 6.358267077533338], [17, 3, 6.009050630538596], [17, 4, 7.920807814541156], [17, 5, 8.135593548315248], [17, 6, 7.697649459468724], [17, 7, 7.480541171364399], [17, 8, 7.477229815367292], [17, 9, 6.211285989206346], [17, 10, 9.681918170014793], [17, 11, 7.6136592796739], [17, 12, 6.458281884362308], [17, 13, 7.477261649214778], [17, 14, 6.532834608558453], [17, 15, 6.888710778841645], [17, 16, 9.447882589120098], [17, 18, 8.05375190879412], [17, 19, 7.165760368769083], [17, 20, 6.636650015361144], [17, 21, 8.143224964693424], [17, 22, 5.269117499213013], [17, 23, 6.013112888955896], [17, 24, 6.587087109475132], [17, 25, 9.555105719435886], [17, 26, 7.881422700424668], [17, 27, 9.920289960104421], [17, 28, 6.228574066615936], [17, 29, 9.145611309276374], [17, 30, 8.536605849923154], [17, 31, 8.271093171345655], [17, 32, 5.910949509915257], [17, 33, 6.620941885270455], [17, 34, 7.852634511920362], [17, 35, 5.764831184596532], [17, 36, 6.964291300877219], [17, 37, 6.5596885372945435], [17, 38, 9.598001098892382], [17, 39, 9.069410537523066], [18, 0, 9.03101792891258], [18, 1, 6.390980154896604], [18, 2, 7.126222880656204], [18, 3, 9.694789231336507], [18, 4, 5.933183074859164], [18, 5, 7.6358607982860764], [18, 6, 9.434237020651151], [18, 7, 8.626980964976639], [18, 8, 5.42037979832644], [18, 9, 7.838975578843837], [18, 10, 9.710547981113304], [18, 11, 6.214583738052514], [18, 12, 5.714305904758474], [18, 13, 6.3549159447720704], [18, 14, 5.654164920979317], [18, 15, 6.9496675764485865], [18, 16, 6.7804565450402965], [18, 17, 8.05375190879412], [18, 19, 6.399367065154292], [18, 20, 8.816808551520188], [18, 21, 8.936727796238765], [18, 22, 9.533995678745445], [18, 23, 7.1564020259586245], [18, 24, 5.632402170750315], [18, 25, 7.842052936579402], [18, 26, 9.475939480207362], [18, 27, 8.176546026555668], [18, 28, 6.545967393677014], [18, 29, 7.815229600960502], [18, 30, 9.44781524478828], [18, 31, 9.026597589328057], [18, 32, 6.753114259072813], [18, 33, 8.161807384714955], [18, 34, 6.44078196712433], [18, 35, 9.461042276584925], [18, 36, 6.674859696452806], [18, 37, 6.023249479624981], [18, 38, 9.283292544664821], [18, 39, 9.026004770018087], [19, 0, 8.613889566048773], [19, 1, 5.40326714419973], [19, 2, 6.684277777511915], [19, 3, 5.677540729312019], [19, 4, 7.504626444713724], [19, 5, 5.3060922142130025], [19, 6, 9.464021918455032], [19, 7, 6.019681274329077], [19, 8, 8.89031147030024], [19, 9, 9.66985452560553], [19, 10, 7.822895289533617], [19, 11, 6.925137739693025], [19, 12, 8.383340710130899], [19, 13, 8.757841082890135], [19, 14, 5.006913177565725], [19, 15, 6.0095952368374075], [19, 16, 5.097343071138234], [19, 17, 7.165760368769083], [19, 18, 6.399367065154292], [19, 20, 8.123830736099588], [19, 21, 5.583314299551494], [19, 22, 5.385936778376983], [19, 23, 7.357791787631056], [19, 24, 6.462975020333095], [19, 25, 7.336621089981629], [19, 26, 6.2357802722129865], [19, 27, 9.27796813548446], [19, 28, 7.381677552093552], [19, 29, 8.828797775095389], [19, 30, 6.616121306539613], [19, 31, 6.603795787638654], [19, 32, 7.570791759602071], [19, 33, 7.622120109269896], [19, 34, 8.330067864709012], [19, 35, 8.018637610260235], [19, 36, 9.123685971903715], [19, 37, 5.783817239729551], [19, 38, 6.491264769613429], [19, 39, 7.275505483277519], [20, 0, 8.152288654301884], [20, 1, 8.534533434941608], [20, 2, 9.044782505520029], [20, 3, 9.587264390002698], [20, 4, 6.126560502800785], [20, 5, 5.803127951140549], [20, 6, 9.506418092336695], [20, 7, 9.679970848575632], [20, 8, 5.1044623806055425], [20, 9, 9.509218925862506], [20, 10, 6.393250226596727], [20, 11, 6.6764463381096615], [20, 12, 9.154185858193156], [20, 13, 8.09700447403392], [20, 14, 7.096954003556935], [20, 15, 6.2889046817473115], [20, 16, 7.619195066745359], [20, 17, 6.636650015361144], [20, 18, 8.816808551520188], [20, 19, 8.123830736099588], [20, 21, 6.212856301444642], [20, 22, 6.820545813590625], [20, 23, 9.611945942283345], [20, 24, 5.095431372352392], [20, 25, 8.899901521958421], [20, 26, 7.013658239465025], [20, 27, 6.655268023442352], [20, 28, 6.102445292365241], [20, 29, 6.021941076709805], [20, 30, 8.113889670248073], [20, 31, 9.512006966443682], [20, 32, 5.604988216229609], [20, 33, 8.535785930757108], [20, 34, 5.094813500484729], [20, 35, 7.162075274196512], [20, 36, 9.345204816783026], [20, 37, 8.40678973602267], [20, 38, 9.778689010602635], [20, 39, 9.469194734289196], [21, 0, 7.805947976681102], [21, 1, 5.77026042314343], [21, 2, 7.7155732615445025], [21, 3, 6.608317884744599], [21, 4, 8.09129628985745], [21, 5, 6.242755346680969], [21, 6, 6.757250437297548], [21, 7, 6.556286285497259], [21, 8, 6.3897601260587615], [21, 9, 5.914508619207447], [21, 10, 5.314252906222166], [21, 11, 8.746553050939916], [21, 12, 9.617753632628162], [21, 13, 8.320173074196354], [21, 14, 7.31379492652679], [21, 15, 7.447650481946269], [21, 16, 7.714210998466108], [21, 17, 8.143224964693424], [21, 18, 8.936727796238765], [21, 19, 5.583314299551494], [21, 20, 6.212856301444642], [21, 22, 7.2483648742187405], [21, 23, 8.871622539631723], [21, 24, 5.768624966554604], [21, 25, 6.640176363773016], [21, 26, 5.038703959199809], [21, 27, 5.553881603733012], [21, 28, 5.990474586117218], [21, 29, 6.400350142489019], [21, 30, 9.671237131386452], [21, 31, 6.746866378888763], [21, 32, 8.618146140085553], [21, 33, 6.272554501746704], [21, 34, 8.262171589213883], [21, 35, 8.230931675496691], [21, 36, 6.656020170538164], [21, 37, 7.883891406631556], [21, 38, 5.759604426453495], [21, 39, 7.897710930643671], [22, 0, 8.710070410554664], [22, 1, 5.731083070587816], [22, 2, 7.353363553680842], [22, 3, 8.93729195067419], [22, 4, 6.549488880269365], [22, 5, 5.518328063048093], [22, 6, 5.964104357681415], [22, 7, 7.275938493234483], [22, 8, 7.816083717327107], [22, 9, 5.601762850998029], [22, 10, 7.979110016794799], [22, 11, 9.50337258904996], [22, 12, 6.776537759811504], [22, 13, 6.277875011528357], [22, 14, 8.247793600060529], [22, 15, 9.613251945157447], [22, 16, 9.152426973434077], [22, 17, 5.269117499213013], [22, 18, 9.533995678745445], [22, 19, 5.385936778376983], [22, 20, 6.820545813590625], [22, 21, 7.2483648742187405], [22, 23, 9.577456589346237], [22, 24, 5.725517909326881], [22, 25, 9.5617479261889], [22, 26, 9.44107259643486], [22, 27, 7.651012636786988], [22, 28, 5.816631308128352], [22, 29, 7.592141145271886], [22, 30, 6.660475220100372], [22, 31, 5.266870234370012], [22, 32, 8.428097593841386], [22, 33, 7.010978512903995], [22, 34, 6.546538335515903], [22, 35, 6.988534283453547], [22, 36, 9.121846856004368], [22, 37, 9.745667426178926], [22, 38, 7.49724577951943], [22, 39, 6.485029534743334], [23, 0, 9.99703590963351], [23, 1, 5.443720273981566], [23, 2, 8.025773747691932], [23, 3, 6.92338597740098], [23, 4, 5.866456761591636], [23, 5, 6.0516443982036305], [23, 6, 8.919857983358293], [23, 7, 6.805036642116869], [23, 8, 5.344425986847277], [23, 9, 9.319105056137241], [23, 10, 6.900642446614058], [23, 11, 7.3308506866821075], [23, 12, 7.8736590233523405], [23, 13, 8.33705580015135], [23, 14, 9.03808164032489], [23, 15, 9.250834284160632], [23, 16, 5.251762140554423], [23, 17, 6.013112888955896], [23, 18, 7.1564020259586245], [23, 19, 7.357791787631056], [23, 20, 9.611945942283345], [23, 21, 8.871622539631723], [23, 22, 9.577456589346237], [23, 24, 6.453286600806162], [23, 25, 6.948420382707869], [23, 26, 8.569266706105033], [23, 27, 5.437240593496691], [23, 28, 9.633942885472262], [23, 29, 9.626244295767398], [23, 30, 5.71196428291505], [23, 31, 9.336022231473947], [23, 32, 7.445862918228836], [23, 33, 6.314470164253487], [23, 34, 9.351816079444538], [23, 35, 7.785417810898539], [23, 36, 5.713896263158641], [23, 37, 5.626385073583538], [23, 38, 6.565816789029162], [23, 39, 7.059011632240049], [24, 0, 7.289146907855232], [24, 1, 9.376837103163467], [24, 2, 8.628843866540954], [24, 3, 8.281257971905845], [24, 4, 7.487837102013632], [24, 5, 7.85737834530621], [24, 6, 7.062546348497366], [24, 7, 5.868632575620613], [24, 8, 8.83506241372729], [24, 9, 8.863066794784444], [24, 10, 6.482133519408869], [24, 11, 5.522366771576128], [24, 12, 9.837501792841223], [24, 13, 6.364629999500524], [24, 14, 6.9073035332476795], [24, 15, 9.898097291140814], [24, 16, 5.230936152551996], [24, 17, 6.587087109475132], [24, 18, 5.632402170750315], [24, 19, 6.462975020333095], [24, 20, 5.095431372352392], [24, 21, 5.768624966554604], [24, 22, 5.725517909326881], [24, 23, 6.453286600806162], [24, 25, 5.735591897470032], [24, 26, 6.007937014588652], [24, 27, 6.558755474317236], [24, 28, 8.066264437906892], [24, 29, 6.027605804083273], [24, 30, 8.286290649469255], [24, 31, 9.073120915114396], [24, 32, 8.731720195760753], [24, 33, 8.304877905226922], [24, 34, 5.275922578946639], [24, 35, 6.3341922295340725], [24, 36, 8.888285300535468], [24, 37, 5.341857865790919], [24, 38, 7.598528575349125], [24, 39, 9.984797150957537], [25, 0, 6.0698968931930715], [25, 1, 7.880757296633584], [25, 2, 9.679391187141068], [25, 3, 7.750715553953297], [25, 4, 6.509737640214336], [25, 5, 7.885611082768099], [25, 6, 5.847767547613636], [25, 7, 9.838835609889813], [25, 8, 6.463293112472979], [25, 9, 6.416178851176475], [25, 10, 9.4558314656848], [25, 11, 5.422425324279854], [25, 12, 6.210474187994268], [25, 13, 9.210371439782678], [25, 14, 8.768654707691644], [25, 15, 8.838426498165628], [25, 16, 9.633495502617357], [25, 17, 9.555105719435886], [25, 18, 7.842052936579402], [25, 19, 7.336621089981629], [25, 20, 8.899901521958421], [25, 21, 6.640176363773016], [25, 22, 9.5617479261889], [25, 23, 6.948420382707869], [25, 24, 5.735591897470032], [25, 26, 7.03793945418335], [25, 27, 5.737625826067691], [25, 28, 8.250734624547256], [25, 29, 6.154816769947478], [25, 30, 8.734900445486208], [25, 31, 6.386961931427907], [25, 32, 5.155634244156696], [25, 33, 5.296818394876841], [25, 34, 6.884351630468247], [25, 35, 9.07196278156333], [25, 36, 9.231459976872618], [25, 37, 8.500466298146776], [25, 38, 8.423278980167616], [25, 39, 9.803622210583404], [26, 0, 6.829896812276063], [26, 1, 5.144485471952481], [26, 2, 6.78670380736109], [26, 3, 6.0288583159261275], [26, 4, 8.248286797453458], [26, 5, 7.930163304946332], [26, 6, 6.346417177725403], [26, 7, 9.572346755675548], [26, 8, 6.016469237513093], [26, 9, 5.552357332767745], [26, 10, 9.770035283705873], [26, 11, 7.476678957666405], [26, 12, 5.8869835766278555], [26, 13, 9.69095569880997], [26, 14, 7.248756011699544], [26, 15, 8.184663096317273], [26, 16, 7.590662148057934], [26, 17, 7.881422700424668], [26, 18, 9.475939480207362], [26, 19, 6.2357802722129865], [26, 20, 7.013658239465025], [26, 21, 5.038703959199809], [26, 22, 9.44107259643486], [26, 23, 8.569266706105033], [26, 24, 6.007937014588652], [26, 25, 7.03793945418335], [26, 27, 8.698842184020279], [26, 28, 5.964326721551645], [26, 29, 7.032490500690333], [26, 30, 9.00435073870841], [26, 31, 9.935542455591325], [26, 32, 7.144673979534051], [26, 33, 6.036182160494125], [26, 34, 9.305903098199206], [26, 35, 9.627556322046514], [26, 36, 8.065466812714668], [26, 37, 5.84326630721716], [26, 38, 5.292122605303654], [26, 39, 5.167454484723925], [27, 0, 9.034599017547443], [27, 1, 9.682108000662017], [27, 2, 8.999626507155906], [27, 3, 9.879414761312002], [27, 4, 7.639138985221054], [27, 5, 9.713726214242683], [27, 6, 9.62316028000862], [27, 7, 8.017582866000952], [27, 8, 6.142439920344843], [27, 9, 8.98687162188391], [27, 10, 9.289978377598642], [27, 11, 8.111064270619568], [27, 12, 9.110488867709197], [27, 13, 8.460689867592215], [27, 14, 7.323492253792278], [27, 15, 8.8046106925532], [27, 16, 7.739730173707855], [27, 17, 9.920289960104421], [27, 18, 8.176546026555668], [27, 19, 9.27796813548446], [27, 20, 6.655268023442352], [27, 21, 5.553881603733012], [27, 22, 7.651012636786988], [27, 23, 5.437240593496691], [27, 24, 6.558755474317236], [27, 25, 5.737625826067691], [27, 26, 8.698842184020279], [27, 28, 8.025397616316875], [27, 29, 8.802579501001578], [27, 30, 9.830635213549346], [27, 31, 5.70545773502423], [27, 32, 9.203571384351484], [27, 33, 7.034143735252851], [27, 34, 7.361357547478126], [27, 35, 7.7325636659692165], [27, 36, 5.354856700086873], [27, 37, 8.551709732921976], [27, 38, 7.166605254178942], [27, 39, 6.686270932400534], [28, 0, 7.8612261325391], [28, 1, 6.7937913402595775], [28, 2, 6.99695939109027], [28, 3, 9.356550875245713], [28, 4, 5.261316049279276], [28, 5, 9.304267341489918], [28, 6, 5.206694981816921], [28, 7, 7.1464742468447096], [28, 8, 9.452181288290792], [28, 9, 6.694646718312043], [28, 10, 5.456505272630085], [28, 11, 8.119715713354703], [28, 12, 8.497219203653827], [28, 13, 7.292461589098466], [28, 14, 9.914874266574298], [28, 15, 5.937246521311538], [28, 16, 5.4973623037143575], [28, 17, 6.228574066615936], [28, 18, 6.545967393677014], [28, 19, 7.381677552093552], [28, 20, 6.102445292365241], [28, 21, 5.990474586117218], [28, 22, 5.816631308128352], [28, 23, 9.633942885472262], [28, 24, 8.066264437906892], [28, 25, 8.250734624547256], [28, 26, 5.964326721551645], [28, 27, 8.025397616316875], [28, 29, 5.448167294539937], [28, 30, 8.041736309273448], [28, 31, 8.533039879418332], [28, 32, 6.198029704482909], [28, 33, 6.956238766901217], [28, 34, 9.948812310374478], [28, 35, 7.873260617769082], [28, 36, 6.777536067363153], [28, 37, 7.072814356716334], [28, 38, 5.450621725371693], [28, 39, 5.717147341296267], [29, 0, 8.858165145172947], [29, 1, 8.474290772735237], [29, 2, 6.477424442708648], [29, 3, 5.145454975056855], [29, 4, 7.754337736052595], [29, 5, 6.2087821904670175], [29, 6, 7.9429243086111745], [29, 7, 8.92786466854946], [29, 8, 7.936588672996873], [29, 9, 7.5031010542783045], [29, 10, 7.238416939591458], [29, 11, 9.827539011625934], [29, 12, 6.775731128564104], [29, 13, 8.875188442994485], [29, 14, 7.644395248377426], [29, 15, 9.501533392520392], [29, 16, 5.590756929047212], [29, 17, 9.145611309276374], [29, 18, 7.815229600960502], [29, 19, 8.828797775095389], [29, 20, 6.021941076709805], [29, 21, 6.400350142489019], [29, 22, 7.592141145271886], [29, 23, 9.626244295767398], [29, 24, 6.027605804083273], [29, 25, 6.154816769947478], [29, 26, 7.032490500690333], [29, 27, 8.802579501001578], [29, 28, 5.448167294539937], [29, 30, 6.651464030348322], [29, 31, 5.073625579263822], [29, 32, 5.404532854859146], [29, 33, 9.540752381611721], [29, 34, 7.4137513195399265], [29, 35, 8.490798468879866], [29, 36, 6.200302602752307], [29, 37, 6.115972721149124], [29, 38, 9.555921321613912], [29, 39, 6.951287018679034], [30, 0, 6.367932017211023], [30, 1, 7.332781948286824], [30, 2, 7.5042126636592865], [30, 3, 9.918484288788449], [30, 4, 7.075497787982821], [30, 5, 8.699307455110368], [30, 6, 8.674153501881218], [30, 7, 8.044486048871033], [30, 8, 7.122083187078972], [30, 9, 8.954586816747394], [30, 10, 9.306342865184508], [30, 11, 9.286157644507508], [30, 12, 8.683511011360018], [30, 13, 7.6505489181730955], [30, 14, 5.896931153138906], [30, 15, 9.020370649517947], [30, 16, 9.959814196090157], [30, 17, 8.536605849923154], [30, 18, 9.44781524478828], [30, 19, 6.616121306539613], [30, 20, 8.113889670248073], [30, 21, 9.671237131386452], [30, 22, 6.660475220100372], [30, 23, 5.71196428291505], [30, 24, 8.286290649469255], [30, 25, 8.734900445486208], [30, 26, 9.00435073870841], [30, 27, 9.830635213549346], [30, 28, 8.041736309273448], [30, 29, 6.651464030348322], [30, 31, 8.413269964307373], [30, 32, 8.246552617075235], [30, 33, 7.097639660956412], [30, 34, 6.274543452652295], [30, 35, 5.571478449808186], [30, 36, 8.25643229595805], [30, 37, 9.655080321144663], [30, 38, 7.300397883079862], [30, 39, 7.933685481944157], [31, 0, 7.708310195316516], [31, 1, 8.917769106482183], [31, 2, 7.05226032669968], [31, 3, 5.936380380119831], [31, 4, 9.437880820615048], [31, 5, 9.319709936018803], [31, 6, 6.297879057315567], [31, 7, 9.667191853746225], [31, 8, 8.694943736165811], [31, 9, 6.661740690017816], [31, 10, 9.263059688876094], [31, 11, 6.173720856979575], [31, 12, 7.58199694003415], [31, 13, 7.232072263905271], [31, 14, 7.421842152333337], [31, 15, 5.531574702184162], [31, 16, 8.205124866859178], [31, 17, 8.271093171345655], [31, 18, 9.026597589328057], [31, 19, 6.603795787638654], [31, 20, 9.512006966443682], [31, 21, 6.746866378888763], [31, 22, 5.266870234370012], [31, 23, 9.336022231473947], [31, 24, 9.073120915114396], [31, 25, 6.386961931427907], [31, 26, 9.935542455591325], [31, 27, 5.70545773502423], [31, 28, 8.533039879418332], [31, 29, 5.073625579263822], [31, 30, 8.413269964307373], [31, 32, 7.23813693909333], [31, 33, 8.666089650443581], [31, 34, 5.441870498386073], [31, 35, 7.571389650901836], [31, 36, 6.582306874590683], [31, 37, 5.98453039425188], [31, 38, 9.909466632747264], [31, 39, 7.05712097188582], [32, 0, 6.554048941798955], [32, 1, 5.34265635792086], [32, 2, 5.5927464961577025], [32, 3, 9.107148605778287], [32, 4, 6.795073696138178], [32, 5, 6.24250545658429], [32, 6, 7.232995006390152], [32, 7, 5.305857187796291], [32, 8, 5.109451393359716], [32, 9, 9.68838578899675], [32, 10, 7.8548248162978505], [32, 11, 9.909466172784535], [32, 12, 5.108875119056963], [32, 13, 9.923650671601113], [32, 14, 7.156859088578134], [32, 15, 6.799624053853863], [32, 16, 5.051785674552939], [32, 17, 5.910949509915257], [32, 18, 6.753114259072813], [32, 19, 7.570791759602071], [32, 20, 5.604988216229609], [32, 21, 8.618146140085553], [32, 22, 8.428097593841386], [32, 23, 7.445862918228836], [32, 24, 8.731720195760753], [32, 25, 5.155634244156696], [32, 26, 7.144673979534051], [32, 27, 9.203571384351484], [32, 28, 6.198029704482909], [32, 29, 5.404532854859146], [32, 30, 8.246552617075235], [32, 31, 7.23813693909333], [32, 33, 5.876827559122954], [32, 34, 6.9115859603311485], [32, 35, 8.52854571098521], [32, 36, 6.128629705142986], [32, 37, 8.936408380455834], [32, 38, 8.261331693508849], [32, 39, 7.656066181234396], [33, 0, 6.711478308043689], [33, 1, 5.60874296682034], [33, 2, 5.414419335270983], [33, 3, 8.188285030041689], [33, 4, 8.963564338887426], [33, 5, 7.394118209763931], [33, 6, 8.440068121768977], [33, 7, 7.91501960556699], [33, 8, 5.051286290376344], [33, 9, 5.304936458044346], [33, 10, 5.044749953867286], [33, 11, 5.857839903116889], [33, 12, 9.741348267111157], [33, 13, 9.17164296472307], [33, 14, 7.3761648707149785], [33, 15, 6.065721890706893], [33, 16, 7.753106608660255], [33, 17, 6.620941885270455], [33, 18, 8.161807384714955], [33, 19, 7.622120109269896], [33, 20, 8.535785930757108], [33, 21, 6.272554501746704], [33, 22, 7.010978512903995], [33, 23, 6.314470164253487], [33, 24, 8.304877905226922], [33, 25, 5.296818394876841], [33, 26, 6.036182160494125], [33, 27, 7.034143735252851], [33, 28, 6.956238766901217], [33, 29, 9.540752381611721], [33, 30, 7.097639660956412], [33, 31, 8.666089650443581], [33, 32, 5.876827559122954], [33, 34, 7.007682366243349], [33, 35, 9.382009939078948], [33, 36, 9.839989173271475], [33, 37, 8.503534093174444], [33, 38, 6.038814394004491], [33, 39, 9.3325067046049], [34, 0, 5.731919254811823], [34, 1, 7.921484053319912], [34, 2, 6.9026835038471805], [34, 3, 8.368708738523654], [34, 4, 7.750680091166462], [34, 5, 8.031487197606594], [34, 6, 8.553344999224723], [34, 7, 6.700498259223581], [34, 8, 6.334462402640595], [34, 9, 6.962567302914107], [34, 10, 9.020390903638567], [34, 11, 5.817149687827888], [34, 12, 5.305417137232119], [34, 13, 7.564078964304737], [34, 14, 6.162519470021507], [34, 15, 6.955256230453512], [34, 16, 7.600546734522947], [34, 17, 7.852634511920362], [34, 18, 6.44078196712433], [34, 19, 8.330067864709012], [34, 20, 5.094813500484729], [34, 21, 8.262171589213883], [34, 22, 6.546538335515903], [34, 23, 9.351816079444538], [34, 24, 5.275922578946639], [34, 25, 6.884351630468247], [34, 26, 9.305903098199206], [34, 27, 7.361357547478126], [34, 28, 9.948812310374478], [34, 29, 7.4137513195399265], [34, 30, 6.274543452652295], [34, 31, 5.441870498386073], [34, 32, 6.9115859603311485], [34, 33, 7.007682366243349], [34, 35, 7.642104694531895], [34, 36, 5.134897969311974], [34, 37, 9.913355150154299], [34, 38, 7.734425661516643], [34, 39, 8.988898895103551], [35, 0, 6.022136343922114], [35, 1, 8.287028026268398], [35, 2, 9.174048734550983], [35, 3, 8.96077546771183], [35, 4, 7.471502819255023], [35, 5, 6.187400112003788], [35, 6, 8.771482383559817], [35, 7, 7.2562212699613715], [35, 8, 7.164396369828889], [35, 9, 6.101129456162466], [35, 10, 9.33828667987757], [35, 11, 7.782381719789263], [35, 12, 9.405783659540365], [35, 13, 9.338551726508076], [35, 14, 6.597530044354169], [35, 15, 5.735867916137934], [35, 16, 9.780900466062196], [35, 17, 5.764831184596532], [35, 18, 9.461042276584925], [35, 19, 8.018637610260235], [35, 20, 7.162075274196512], [35, 21, 8.230931675496691], [35, 22, 6.988534283453547], [35, 23, 7.785417810898539], [35, 24, 6.3341922295340725], [35, 25, 9.07196278156333], [35, 26, 9.627556322046514], [35, 27, 7.7325636659692165], [35, 28, 7.873260617769082], [35, 29, 8.490798468879866], [35, 30, 5.571478449808186], [35, 31, 7.571389650901836], [35, 32, 8.52854571098521], [35, 33, 9.382009939078948], [35, 34, 7.642104694531895], [35, 36, 6.681423222171539], [35, 37, 7.502601551260094], [35, 38, 6.448584749701531], [35, 39, 6.771680168755394], [36, 0, 8.54192947514583], [36, 1, 8.89870770696249], [36, 2, 5