{"0": {"num_nodes": 71, "edges": [[0, 1, 2.5066662032922586], [0, 2, 2.9338716368748132], [0, 3, 2.743185342221095], [0, 4, 2.984440682277475], [0, 5, 2.661871789702456], [0, 6, 2.610312852859706], [0, 7, 2.7355304375377303], [0, 8, 2.8076707283155335], [0, 9, 2.864802666905352], [0, 10, 2.8970353833283315], [0, 11, 2.567225937614796], [0, 12, 2.556246509215611], [0, 13, 2.690515443721583], [0, 14, 2.8087135271543717], [0, 15, 2.9730879327265995], [0, 16, 2.727555525346787], [0, 17, 2.6269541538820036], [0, 18, 2.997642034797339], [0, 19, 2.5117597961580724], [0, 20, 2.73285206489067], [0, 21, 2.6115325308976765], [0, 22, 2.8622508153905413], [0, 23, 2.614937740977749], [0, 24, 2.7465714964644565], [0, 25, 2.834885659051518], [0, 26, 2.564913030375888], [0, 27, 2.541280854885487], [0, 28, 2.5998946124732187], [0, 29, 2.8260137731565784], [0, 30, 2.571761648042167], [0, 31, 2.8615830685909454], [0, 32, 2.5862271200938265], [0, 33, 2.9727579497704926], [0, 34, 2.5513499272160924], [0, 35, 2.635168589181716], [0, 36, 2.529902536599081], [0, 37, 2.685029641421683], [0, 38, 2.806435301200503], [0, 39, 2.88092975780212], [0, 40, 2.518332305771688], [0, 41, 2.6009942024119646], [0, 42, 2.7922682514966732], [0, 43, 2.8869805883867645], [0, 44, 2.896988464484238], [0, 45, 2.7410952567033955], [0, 46, 2.7599559311072666], [0, 47, 2.6114464164065634], [0, 48, 2.869389519355145], [0, 49, 2.9566852275154716], [0, 50, 2.7255490001304414], [0, 51, 2.670674266243567], [0, 52, 2.5723769480541643], [0, 53, 2.636699501061689], [0, 54, 2.7907956389299513], [0, 55, 2.820386990960826], [0, 56, 2.5083567170097063], [0, 57, 2.7292647451427117], [0, 58, 2.779076506087913], [0, 59, 2.62397967943508], [0, 60, 2.9445322578882647], [0, 61, 2.6430350538299567], [0, 62, 2.8404462506778643], [0, 63, 2.7606916030982873], [0, 64, 2.8656112700639924], [0, 65, 2.524273997550793], [0, 66, 2.8675413314841705], [0, 67, 2.8462856619310344], [0, 68, 2.7499769953166644], [0, 69, 2.887799524080527], [0, 70, 2.71247998406916], [1, 0, 2.5066662032922586], [1, 2, 2.858004579065606], [1, 3, 2.6557378097728197], [1, 4, 2.8958081212149542], [1, 5, 2.740491363313532], [1, 6, 2.792711713012223], [1, 7, 2.7312755311739676], [1, 8, 2.695762451804359], [1, 9, 2.8420573897129096], [1, 10, 2.755910267459005], [1, 11, 2.5926709018708025], [1, 12, 2.667094012803864], [1, 13, 2.7434711915352135], [1, 14, 2.582744047225667], [1, 15, 2.7528989468964715], [1, 16, 2.5403845651623547], [1, 17, 2.8527621088213775], [1, 18, 2.512035220480516], [1, 19, 2.98054149547096], [1, 20, 2.949217248004997], [1, 21, 2.9219609965876874], [1, 22, 2.798392292817981], [1, 23, 2.5237142963828396], [1, 24, 2.846219928603745], [1, 25, 2.54233964491497], [1, 26, 2.7945710713975496], [1, 27, 2.9306811650700206], [1, 28, 2.775981859564435], [1, 29, 2.6091561003689163], [1, 30, 2.7552979268810516], [1, 31, 2.8536744113720847], [1, 32, 2.7146132837897166], [1, 33, 2.8424772476615217], [1, 34, 2.9198316523841457], [1, 35, 2.8760596871287785], [1, 36, 2.7581291423755756], [1, 37, 2.915460238217584], [1, 38, 2.9126358814740216], [1, 39, 2.8899658558362047], [1, 40, 2.5869637158501844], [1, 41, 2.522210832866965], [1, 42, 2.526859871866889], [1, 43, 2.7780402635535975], [1, 44, 2.902775116508179], [1, 45, 2.8058252357459037], [1, 46, 2.888142424811165], [1, 47, 2.732466390447483], [1, 48, 2.5460262772431763], [1, 49, 2.9827359879013104], [1, 50, 2.5627667780710617], [1, 51, 2.6721608038965576], [1, 52, 2.707228143281796], [1, 53, 2.5701399030395344], [1, 54, 2.9134395128589756], [1, 55, 2.6395241671165137], [1, 56, 2.9005166440665247], [1, 57, 2.9120014309269937], [1, 58, 2.841822492554355], [1, 59, 2.7042768341209547], [1, 60, 2.867544339144795], [1, 61, 2.993420247403044], [1, 62, 2.868889355459708], [1, 63, 2.718110872473503], [1, 64, 2.9900144400034683], [1, 65, 2.537244469565852], [1, 66, 2.527961695604808], [1, 67, 2.7225315308823297], [1, 68, 2.769498502087468], [1, 69, 2.7507289628592275], [1, 70, 2.595994201781131], [2, 0, 2.9338716368748132], [2, 1, 2.858004579065606], [2, 3, 2.5981726020644396], [2, 4, 2.913944005692488], [2, 5, 2.823156912570288], [2, 6, 2.5291141344334394], [2, 7, 2.711210090004859], [2, 8, 2.756265479402468], [2, 9, 2.5127622728584944], [2, 10, 2.8101714821757757], [2, 11, 2.9411806627210497], [2, 12, 2.5252718978513355], [2, 13, 2.8466270040449304], [2, 14, 2.9252680611703776], [2, 15, 2.620275788415513], [2, 16, 2.784807414419898], [2, 17, 2.9285539262593145], [2, 18, 2.5999667992714293], [2, 19, 2.8214775579376528], [2, 20, 2.5479015684728523], [2, 21, 2.9826503004269647], [2, 22, 2.583523175921931], [2, 23, 2.8954975003286627], [2, 24, 2.5422943113793153], [2, 25, 2.789381872789029], [2, 26, 2.742400829800407], [2, 27, 2.8716149941771043], [2, 28, 2.819440532207313], [2, 29, 2.7320432020376595], [2, 30, 2.7773695363824316], [2, 31, 2.811351364608663], [2, 32, 2.554300949138205], [2, 33, 2.659644288422661], [2, 34, 2.6746734487270407], [2, 35, 2.9269025768693453], [2, 36, 2.5944540658189856], [2, 37, 2.6213457229444153], [2, 38, 2.595825962722984], [2, 39, 2.7633506241137784], [2, 40, 2.5213306954496497], [2, 41, 2.6962215301809245], [2, 42, 2.6018633878559023], [2, 43, 2.9104620727582544], [2, 44, 2.7531533351856265], [2, 45, 2.590633964594762], [2, 46, 2.703539972840474], [2, 47, 2.7305284660466547], [2, 48, 2.8218496861800126], [2, 49, 2.629788286370875], [2, 50, 2.5436894643554835], [2, 51, 2.9932643280351985], [2, 52, 2.7975561760332597], [2, 53, 2.7280294996740504], [2, 54, 2.865554730977345], [2, 55, 2.7308094410255164], [2, 56, 2.5078379133109694], [2, 57, 2.9874279900809313], [2, 58, 2.557652861045601], [2, 59, 2.5513638997094676], [2, 60, 2.7507920202875065], [2, 61, 2.904567212551706], [2, 62, 2.8616950956634617], [2, 63, 2.590345299252998], [2, 64, 2.955894513766645], [2, 65, 2.9963837185215314], [2, 66, 2.7115226228382863], [2, 67, 2.8946388034926005], [2, 68, 2.5594348508289326], [2, 69, 2.7879548775097955], [2, 70, 2.979316239587509], [3, 0, 2.743185342221095], [3, 1, 2.6557378097728197], [3, 2, 2.5981726020644396], [3, 4, 2.976659379522597], [3, 5, 2.8087949368659046], [3, 6, 2.539900892982388], [3, 7, 2.8626717453440538], [3, 8, 2.9538944606225757], [3, 9, 2.5376201367127167], [3, 10, 2.777032864783414], [3, 11, 2.744103379123297], [3, 12, 2.514870957284047], [3, 13, 2.7583270844170604], [3, 14, 2.7818028311779885], [3, 15, 2.8516197780211705], [3, 16, 2.6641675936032767], [3, 17, 2.696076249950174], [3, 18, 2.64814231060304], [3, 19, 2.7454149749061347], [3, 20, 2.884499068605459], [3, 21, 2.6008173382205886], [3, 22, 2.78903431212112], [3, 23, 2.7791373482502006], [3, 24, 2.815337805187582], [3, 25, 2.9652320289062315], [3, 26, 2.7769617079407665], [3, 27, 2.8896127027881753], [3, 28, 2.5950790829603507], [3, 29, 2.6056390476343454], [3, 30, 2.880524274351526], [3, 31, 2.641589623383484], [3, 32, 2.822681223666618], [3, 33, 2.6688102961618836], [3, 34, 2.6608609472201494], [3, 35, 2.7768430319983404], [3, 36, 2.5301556503651774], [3, 37, 2.7821774240166244], [3, 38, 2.866775872931817], [3, 39, 2.9388820953273065], [3, 40, 2.753371234943115], [3, 41, 2.9755287828162835], [3, 42, 2.8229685611846183], [3, 43, 2.77733812053961], [3, 44, 2.520155052694656], [3, 45, 2.814506935936849], [3, 46, 2.7026246240181253], [3, 47, 2.7677066876834333], [3, 48, 2.618050941804321], [3, 49, 2.8979773310642503], [3, 50, 2.6512466285497767], [3, 51, 2.8597001566302183], [3, 52, 2.911992912642527], [3, 53, 2.6389737599677674], [3, 54, 2.5064033406823447], [3, 55, 2.7977823329067624], [3, 56, 2.8637460345542465], [3, 57, 2.883789374838046], [3, 58, 2.511582912529559], [3, 59, 2.730937774946914], [3, 60, 2.5455613999453592], [3, 61, 2.884667875350928], [3, 62, 2.6442606492980523], [3, 63, 2.759781508793153], [3, 64, 2.5910447965787693], [3, 65, 2.610608466662015], [3, 66, 2.762143513090323], [3, 67, 2.997919235672276], [3, 68, 2.5867858058002637], [3, 69, 2.547010119129486], [3, 70, 2.956563501280862], [4, 0, 2.984440682277475], [4, 1, 2.8958081212149542], [4, 2, 2.913944005692488], [4, 3, 2.976659379522597], [4, 5, 2.87093804174798], [4, 6, 2.7970318474779323], [4, 7, 2.748168364848108], [4, 8, 2.9910909169524427], [4, 9, 2.5336325955650083], [4, 10, 2.6559393805925877], [4, 11, 2.850621178691566], [4, 12, 2.5102599135840453], [4, 13, 2.5377320669617607], [4, 14, 2.618183131620982], [4, 15, 2.60577793007051], [4, 16, 2.739356331116732], [4, 17, 2.9820603789734434], [4, 18, 2.800552182326057], [4, 19, 2.5652651342913373], [4, 20, 2.5598857745139285], [4, 21, 2.934785396857194], [4, 22, 2.6002983894764546], [4, 23, 2.5522827157124652], [4, 24, 2.76104852847644], [4, 25, 2.986731239151179], [4, 26, 2.712109104123888], [4, 27, 2.9443498393344827], [4, 28, 2.8322655754856285], [4, 29, 2.5542015170728365], [4, 30, 2.8336847932899483], [4, 31, 2.9563149243650013], [4, 32, 2.630899500678886], [4, 33, 2.730055644273241], [4, 34, 2.8147203168121466], [4, 35, 2.5069151104322183], [4, 36, 2.894254014417575], [4, 37, 2.639836211044144], [4, 38, 2.742735865816145], [4, 39, 2.5276927862206042], [4, 40, 2.5009516052710987], [4, 41, 2.5254133058518993], [4, 42, 2.5582139996317457], [4, 43, 2.8229189219961266], [4, 44, 2.5618904321544855], [4, 45, 2.5921653455389957], [4, 46, 2.9658455687026453], [4, 47, 2.6503311255997835], [4, 48, 2.8496583997458975], [4, 49, 2.6808962982838622], [4, 50, 2.6006297927002437], [4, 51, 2.7341473111325993], [4, 52, 2.6068341269652775], [4, 53, 2.850538492336449], [4, 54, 2.625304900187418], [4, 55, 2.904436688144921], [4, 56, 2.938936294313832], [4, 57, 2.6083496494696905], [4, 58, 2.8531757259096966], [4, 59, 2.7237316995287832], [4, 60, 2.798695295069942], [4, 61, 2.829527495685067], [4, 62, 2.810330167897739], [4, 63, 2.511656606395281], [4, 64, 2.891779857976553], [4, 65, 2.556371361357739], [4, 66, 2.947122402994527], [4, 67, 2.7569406785065356], [4, 68, 2.6586343005374657], [4, 69, 2.9092043094846716], [4, 70, 2.807614471695042], [5, 0, 2.661871789702456], [5, 1, 2.740491363313532], [5, 2, 2.823156912570288], [5, 3, 2.8087949368659046], [5, 4, 2.87093804174798], [5, 6, 2.9880792056218337], [5, 7, 2.9115551983732404], [5, 8, 2.867656153997798], [5, 9, 2.8135054576721337], [5, 10, 2.7426747123120205], [5, 11, 2.627641916503543], [5, 12, 2.5528264265121745], [5, 13, 2.7098954858908986], [5, 14, 2.591251434304884], [5, 15, 2.625500806039648], [5, 16, 2.7624844065150085], [5, 17, 2.7271187749753945], [5, 18, 2.731791786707586], [5, 19, 2.802456070301191], [5, 20, 2.5401972720984602], [5, 21, 2.589863461661899], [5, 22, 2.542697298219045], [5, 23, 2.565048044580927], [5, 24, 2.564075795297393], [5, 25, 2.9522477250387444], [5, 26, 2.719685661143574], [5, 27, 2.704023756548382], [5, 28, 2.9464491623040794], [5, 29, 2.871906631843843], [5, 30, 2.9175885629303426], [5, 31, 2.911738072260886], [5, 32, 2.595392214297597], [5, 33, 2.7995607620666276], [5, 34, 2.5580182132836287], [5, 35, 2.5203187655141477], [5, 36, 2.684056240185781], [5, 37, 2.6006982972066575], [5, 38, 2.6463108577117955], [5, 39, 2.917922756508003], [5, 40, 2.5299029940995603], [5, 41, 2.8298891290357875], [5, 42, 2.8818278990210393], [5, 43, 2.6413466345575833], [5, 44, 2.50644187821892], [5, 45, 2.9911000934693925], [5, 46, 2.9347294020433474], [5, 47, 2.697982204757817], [5, 48, 2.5869628394802224], [5, 49, 2.69313827160607], [5, 50, 2.5714898449506762], [5, 51, 2.634616715410141], [5, 52, 2.742898445007955], [5, 53, 2.946171851063739], [5, 54, 2.6241377876064376], [5, 55, 2.8337588564640996], [5, 56, 2.599065029409528], [5, 57, 2.5414488926921566], [5, 58, 2.9689017573606797], [5, 59, 2.7697943652482047], [5, 60, 2.6540551488711106], [5, 61, 2.7222345444936344], [5, 62, 2.6865643244933386], [5, 63, 2.7925051236337417], [5, 64, 2.638288597971251], [5, 65, 2.8225212100320722], [5, 66, 2.692939333986267], [5, 67, 2.5894095223389693], [5, 68, 2.6224401057197237], [5, 69, 2.770515425956806], [5, 70, 2.904246500640067], [6, 0, 2.610312852859706], [6, 1, 2.792711713012223], [6, 2, 2.5291141344334394], [6, 3, 2.539900892982388], [6, 4, 2.7970318474779323], [6, 5, 2.9880792056218337], [6, 7, 2.8873465065874844], [6, 8, 2.6419455289988587], [6, 9, 2.991130529071666], [6, 10, 2.86508008958301], [6, 11, 2.5504891490139032], [6, 12, 2.5115931387375654], [6, 13, 2.5998209429736145], [6, 14, 2.8711031437696284], [6, 15, 2.7779126333747657], [6, 16, 2.9142306713801265], [6, 17, 2.54641536631364], [6, 18, 2.5433426542293187], [6, 19, 2.504086209405889], [6, 20, 2.9545474239340104], [6, 21, 2.8761783719077925], [6, 22, 2.9876639471540924], [6, 23, 2.771123408312525], [6, 24, 2.5918346852216803], [6, 25, 2.633689255876207], [6, 26, 2.815427555539193], [6, 27, 2.8861250203439424], [6, 28, 2.7930657966911676], [6, 29, 2.720701554699879], [6, 30, 2.7311768711858675], [6, 31, 2.947703342654565], [6, 32, 2.6831682586043453], [6, 33, 2.840808362640618], [6, 34, 2.7460328885376386], [6, 35, 2.71481235831187], [6, 36, 2.512834991209358], [6, 37, 2.723886330689941], [6, 38, 2.5438589073510496], [6, 39, 2.8278480347876824], [6, 40, 2.8194704524001177], [6, 41, 2.512022503173694], [6, 42, 2.985787458167759], [6, 43, 2.5274590875853242], [6, 44, 2.7735755329137626], [6, 45, 2.5802670882072642], [6, 46, 2.937919267811697], [6, 47, 2.8461644048424093], [6, 48, 2.8522473321504602], [6, 49, 2.7940325257090977], [6, 50, 2.901250505892772], [6, 51, 2.917184170388773], [6, 52, 2.537716305751477], [6, 53, 2.8633015132646538], [6, 54, 2.6458756989610146], [6, 55, 2.5726547943483977], [6, 56, 2.6540158619741314], [6, 57, 2.8073794644872594], [6, 58, 2.9377859127227364], [6, 59, 2.8316988356184343], [6, 60, 2.9368820429815123], [6, 61, 2.9888885283864237], [6, 62, 2.603730417250805], [6, 63, 2.797691382262155], [6, 64, 2.7377827451396106], [6, 65, 2.6559861979186077], [6, 66, 2.723786953031196], [6, 67, 2.6138120116289496], [6, 68, 2.7788210773730606], [6, 69, 2.7361621088350936], [6, 70, 2.8375076561079493], [7, 0, 2.7355304375377303], [7, 1, 2.7312755311739676], [7, 2, 2.711210090004859], [7, 3, 2.8626717453440538], [7, 4, 2.748168364848108], [7, 5, 2.9115551983732404], [7, 6, 2.8873465065874844], [7, 8, 2.600901247282798], [7, 9, 2.6741927332222986], [7, 10, 2.563080346033951], [7, 11, 2.881082861199933], [7, 12, 2.766942598734442], [7, 13, 2.5254941295155353], [7, 14, 2.826228865875771], [7, 15, 2.758335838793265], [7, 16, 2.887750164353763], [7, 17, 2.792009257200121], [7, 18, 2.557017111873736], [7, 19, 2.532104054262728], [7, 20, 2.618670252289695], [7, 21, 2.830245244504573], [7, 22, 2.6801450981508133], [7, 23, 2.812921466222841], [7, 24, 2.514199440833181], [7, 25, 2.5026433926316614], [7, 26, 2.6578223288401546], [7, 27, 2.871987802514552], [7, 28, 2.9410531572303857], [7, 29, 2.669692359999992], [7, 30, 2.7957980655314594], [7, 31, 2.9075172140224783], [7, 32, 2.9127854092339], [7, 33, 2.8649848310697115], [7, 34, 2.8486330470570804], [7, 35, 2.7365563539943247], [7, 36, 2.526013501172186], [7, 37, 2.730267531499616], [7, 38, 2.9349461838780018], [7, 39, 2.63888644782298], [7, 40, 2.540974318068858], [7, 41, 2.6892723884524177], [7, 42, 2.8100938454881823], [7, 43, 2.658839269740426], [7, 44, 2.576778178989268], [7, 45, 2.923191998716936], [7, 46, 2.522482612131053], [7, 47, 2.6421669996049206], [7, 48, 2.821474466816592], [7, 49, 2.8682023527571805], [7, 50, 2.9562621454091986], [7, 51, 2.629391494849603], [7, 52, 2.731521986396014], [7, 53, 2.9277822363925416], [7, 54, 2.7920512173120065], [7, 55, 2.524299468444513], [7, 56, 2.5145320459995166], [7, 57, 2.825277654589141], [7, 58, 2.578371530314046], [7, 59, 2.978926570529746], [7, 60, 2.8876648979669346], [7, 61, 2.596550890170873], [7, 62, 2.7889252106876956], [7, 63, 2.6305209839511186], [7, 64, 2.638268566500179], [7, 65, 2.972233653408278], [7, 66, 2.8828147105466497], [7, 67, 2.67658565803883], [7, 68, 2.99810020197298], [7, 69, 2.8882464489634025], [7, 70, 2.6068186535134523], [8, 0, 2.8076707283155335], [8, 1, 2.695762451804359], [8, 2, 2.756265479402468], [8, 3, 2.9538944606225757], [8, 4, 2.9910909169524427], [8, 5, 2.867656153997798], [8, 6, 2.6419455289988587], [8, 7, 2.600901247282798], [8, 9, 2.9362943783164237], [8, 10, 2.7759612540716634], [8, 11, 2.9044397368536465], [8, 12, 2.577450565394325], [8, 13, 2.5834914712100465], [8, 14, 2.5820665595309036], [8, 15, 2.8529934800109116], [8, 16, 2.5845135756295265], [8, 17, 2.862532600833588], [8, 18, 2.9298381050923723], [8, 19, 2.5548691521009665], [8, 20, 2.8785321223570772], [8, 21, 2.7763444733610108], [8, 22, 2.871346364628172], [8, 23, 2.6940974261451194], [8, 24, 2.768266481633959], [8, 25, 2.9998608976911063], [8, 26, 2.8600124998121266], [8, 27, 2.8094209340458223], [8, 28, 2.761454371146442], [8, 29, 2.579886432231421], [8, 30, 2.924929213328024], [8, 31, 2.5821322393835837], [8, 32, 2.5575122226278126], [8, 33, 2.731895119298804], [8, 34, 2.822591861350325], [8, 35, 2.5662264508626955], [8, 36, 2.882845144099639], [8, 37, 2.887615783084118], [8, 38, 2.8691482967434174], [8, 39, 2.636336860326884], [8, 40, 2.6957937826867413], [8, 41, 2.763792007317541], [8, 42, 2.7554420257585948], [8, 43, 2.559656955524377], [8, 44, 2.5053420966090068], [8, 45, 2.74461670606191], [8, 46, 2.5079068521176016], [8, 47, 2.806325964742166], [8, 48, 2.5082283024633147], [8, 49, 2.5412552786500484], [8, 50, 2.974709124883952], [8, 51, 2.5567446502232283], [8, 52, 2.965132975603312], [8, 53, 2.5478342787985886], [8, 54, 2.971495322682739], [8, 55, 2.662071851819835], [8, 56, 2.704931243052873], [8, 57, 2.786648277710153], [8, 58, 2.880350273899447], [8, 59, 2.8880032145548666], [8, 60, 2.69499523976888], [8, 61, 2.6511837601308055], [8, 62, 2.7577657224392347], [8, 63, 2.9552061974426937], [8, 64, 2.6220309780977793], [8, 65, 2.9234433786063807], [8, 66, 2.686762672841517], [8, 67, 2.656571062446827], [8, 68, 2.7939292953202917], [8, 69, 2.8994332105002734], [8, 70, 2.8362659734275373], [9, 0, 2.864802666905352], [9, 1, 2.8420573897129096], [9, 2, 2.5127622728584944], [9, 3, 2.5376201367127167], [9, 4, 2.5336325955650083], [9, 5, 2.8135054576721337], [9, 6, 2.991130529071666], [9, 7, 2.6741927332222986], [9, 8, 2.9362943783164237], [9, 10, 2.9796487648051944], [9, 11, 2.607551715531076], [9, 12, 2.772763386012349], [9, 13, 2.91092563683981], [9, 14, 2.9047930576364505], [9, 15, 2.7918235156831983], [9, 16, 2.6205444787809964], [9, 17, 2.883718730803416], [9, 18, 2.581672253314135], [9, 19, 2.8496350670970605], [9, 20, 2.819326638708607], [9, 21, 2.8870184196324695], [9, 22, 2.763746148641351], [9, 23, 2.585552968937879], [9, 24, 2.656878794171483], [9, 25, 2.739900519355081], [9, 26, 2.9803102848055936], [9, 27, 2.6865274272959536], [9, 28, 2.9107937626620894], [9, 29, 2.5407320350506892], [9, 30, 2.658624200473396], [9, 31, 2.780181243811754], [9, 32, 2.9884349645347905], [9, 33, 2.5041019594740037], [9, 34, 2.57356645094234], [9, 35, 2.916015648039753], [9, 36, 2.6435530633861237], [9, 37, 2.862292130116586], [9, 38, 2.6442248460422513], [9, 39, 2.8076655825428682], [9, 40, 2.9269783108384946], [9, 41, 2.5864462767525227], [9, 42, 2.768340582093493], [9, 43, 2.7784764777542064], [9, 44, 2.9834238964950655], [9, 45, 2.775753755864883], [9, 46, 2.509010789077017], [9, 47, 2.7814863612701783], [9, 48, 2.5697459109575074], [9, 49, 2.8775094737471276], [9, 50, 2.8307988423978343], [9, 51, 2.644948322690773], [9, 52, 2.555314042612384], [9, 53, 2.522531280022749], [9, 54, 2.6567991613751945], [9, 55, 2.8004048169751155], [9, 56, 2.68035539811434], [9, 57, 2.6099010467218102], [9, 58, 2.881336145304734], [9, 59, 2.818148584253283], [9, 60, 2.6682924380637263], [9, 61, 2.5041390566361557], [9, 62, 2.7654578470667226], [9, 63, 2.5315069164087487], [9, 64, 2.5472095516011732], [9, 65, 2.5808280466245606], [9, 66, 2.58783302726339], [9, 67, 2.872758389239641], [9, 68, 2.533008174357335], [9, 69, 2.7983680431620646], [9, 70, 2.948815255790006], [10, 0, 2.8970353833283315], [10, 1, 2.755910267459005], [10, 2, 2.8101714821757757], [10, 3, 2.777032864783414], [10, 4, 2.6559393805925877], [10, 5, 2.7426747123120205], [10, 6, 2.86508008958301], [10, 7, 2.563080346033951], [10, 8, 2.7759612540716634], [10, 9, 2.9796487648051944], [10, 11, 2.569119362505732], [10, 12, 2.7071179238732332], [10, 13, 2.6955018566471947], [10, 14, 2.8963887715084855], [10, 15, 2.5861034597131383], [10, 16, 2.574471620879713], [10, 17, 2.5060868202802933], [10, 18, 2.8945036064882723], [10, 19, 2.752026843826051], [10, 20, 2.9137379794855036], [10, 21, 2.5859913300692567], [10, 22, 2.520464366535077], [10, 23, 2.6531441750244094], [10, 24, 2.5429264352350187], [10, 25, 2.8800632611934898], [10, 26, 2.621448176657484], [10, 27, 2.7392511747618435], [10, 28, 2.5743379020000132], [10, 29, 2.947461528805812], [10, 30, 2.5344199034079984], [10, 31, 2.766255709475627], [10, 32, 2.5485885579540737], [10, 33, 2.950386589255939], [10, 34, 2.534638075229158], [10, 35, 2.784599547219631], [10, 36, 2.684816933589933], [10, 37, 2.8517346747515036], [10, 38, 2.808761249515051], [10, 39, 2.5571115216099667], [10, 40, 2.9592859826238844], [10, 41, 2.8313503428902362], [10, 42, 2.812797815537497], [10, 43, 2.801758891586122], [10, 44, 2.91706910401943], [10, 45, 2.9577943970183433], [10, 46, 2.7570735420609136], [10, 47, 2.5818887337076273], [10, 48, 2.638004919374861], [10, 49, 2.5177697476891017], [10, 50, 2.65002062426205], [10, 51, 2.958009916421721], [10, 52, 2.6263801920495506], [10, 53, 2.6726483539835266], [10, 54, 2.7063211179102113], [10, 55, 2.810288932041944], [10, 56, 2.654270243337298], [10, 57, 2.5272194081251884], [10, 58, 2.997418130448377], [10, 59, 2.8083140114910146], [10, 60, 2.9370893520087904], [10, 61, 2.9384127715579043], [10, 62, 2.958916007644622], [10, 63, 2.6360203640881443], [10, 64, 2.70455264732587], [10, 65, 2.7431589652333335], [10, 66, 2.82293849116168], [10, 67, 2.8767837393473243], [10, 68, 2.7130556244029838], [10, 69, 2.893855853797486], [10, 70, 2.82182254891386], [11, 0, 2.567225937614796], [11, 1, 2.5926709018708025], [11, 2, 2.9411806627210497], [11, 3, 2.744103379123297], [11, 4, 2.850621178691566], [11, 5, 2.627641916503543], [11, 6, 2.5504891490139032], [11, 7, 2.881082861199933], [11, 8, 2.9044397368536465], [11, 9, 2.607551715531076], [11, 10, 2.569119362505732], [11, 12, 2.7514405835738485], [11, 13, 2.682692976058429], [11, 14, 2.5579867789063107], [11, 15, 2.5058475522639316], [11, 16, 2.9954858109434195], [11, 17, 2.9734879215712597], [11, 18, 2.8939573570537274], [11, 19, 2.510952550304728], [11, 20, 2.836727123798508], [11, 21, 2.910309752086602], [11, 22, 2.7918341171266428], [11, 23, 2.7613022384718544], [11, 24, 2.589923318217803], [11, 25, 2.7344711360885894], [11, 26, 2.6202570980117814], [11, 27, 2.8021141942979817], [11, 28, 2.904752709833747], [11, 29, 2.5029804917620626], [11, 30, 2.615593766467314], [11, 31, 2.9095472270923226], [11, 32, 2.7894728101175628], [11, 33, 2.503382850790258], [11, 34, 2.625641085858768], [11, 35, 2.9995176828795156], [11, 36, 2.9460335258912167], [11, 37, 2.9706878629675026], [11, 38, 2.6955681907605324], [11, 39, 2.8045978013030544], [11, 40, 2.559153499165908], [11, 41, 2.5794771074170253], [11, 42, 2.7792023061226687], [11, 43, 2.7005709448658166], [11, 44, 2.93933813232488], [11, 45, 2.705189257440911], [11, 46, 2.6853752262492057], [11, 47, 2.873645141193337], [11, 48, 2.541784850204445], [11, 49, 2.733135497844973], [11, 50, 2.9224510631718035], [11, 51, 2.96322645941134], [11, 52, 2.980021356351198], [11, 53, 2.667883945135891], [11, 54, 2.845743723166281], [11, 55, 2.731765989610018], [11, 56, 2.5761583820609575], [11, 57, 2.5338464590146916], [11, 58, 2.540173133016688], [11, 59, 2.694768004659153], [11, 60, 2.7076542868359024], [11, 61, 2.5592373759806133], [11, 62, 2.7063231012732856], [11, 63, 2.7024243152968745], [11, 64, 2.6244676633306163], [11, 65, 2.774079196122426], [11, 66, 2.9134027917510075], [11, 67, 2.670820805386885], [11, 68, 2.8149493330585837], [11, 69, 2.988190481952184], [11, 70, 2.662859308594947], [12, 0, 2.556246509215611], [12, 1, 2.667094012803864], [12, 2, 2.5252718978513355], [12, 3, 2.514870957284047], [12, 4, 2.5102599135840453], [12, 5, 2.5528264265121745], [12, 6, 2.5115931387375654], [12, 7, 2.766942598734442], [12, 8, 2.577450565394325], [12, 9, 2.772763386012349], [12, 10, 2.7071179238732332], [12, 11, 2.7514405835738485], [12, 13, 2.7250490229749427], [12, 14, 2.591613721441184], [12, 15, 2.5984431487979576], [12, 16, 2.6955923115210165], [12, 17, 2.7060530842526465], [12, 18, 2.7038667304930577], [12, 19, 2.6750588272527365], [12, 20, 2.7678105472298995], [12, 21, 2.636059520289347], [12, 22, 2.9358766469140964], [12, 23, 2.510052407793804], [12, 24, 2.5048106054916692], [12, 25, 2.5658012994118895], [12, 26, 2.5083680687979255], [12, 27, 2.880478000495111], [12, 28, 2.5337771125685524], [12, 29, 2.598783916643028], [12, 30, 2.5860832333954384], [12, 31, 2.8777464150989247], [12, 32, 2.77131478065974], [12, 33, 2.847627503490467], [12, 34, 2.83919211871099], [12, 35, 2.5711696482125275], [12, 36, 2.789976712810934], [12, 37, 2.6337332724607476], [12, 38, 2.868232572224629], [12, 39, 2.787243234224327], [12, 40, 2.678882450375312], [12, 41, 2.9585047259391737], [12, 42, 2.7177448199944227], [12, 43, 2.539734830063441], [12, 44, 2.5274850329043392], [12, 45, 2.6885151194408374], [12, 46, 2.8066754988357507], [12, 47, 2.8844883122047884], [12, 48, 2.6784147370368276], [12, 49, 2.8801446094883874], [12, 50, 2.5606455329467934], [12, 51, 2.733728051571201], [12, 52, 2.78293006189433], [12, 53, 2.670083644063731], [12, 54, 2.6245988243580003], [12, 55, 2.9868231527196114], [12, 56, 2.919957114007148], [12, 57, 2.584520857721682], [12, 58, 2.601217772723596], [12, 59, 2.588500484969321], [12, 60, 2.5256151846485206], [12, 61, 2.9742075787715168], [12, 62, 2.661926588386782], [12, 63, 2.91177631499741], [12, 64, 2.8499542241379396], [12, 65, 2.6401482700233156], [12, 66, 2.8696203359777446], [12, 67, 2.655329488976801], [12, 68, 2.5118581726920803], [12, 69, 2.638601350112783], [12, 70, 2.5254871041409235], [13, 0, 2.690515443721583], [13, 1, 2.7434711915352135], [13, 2, 2.8466270040449304], [13, 3, 2.7583270844170604], [13, 4, 2.5377320669617607], [13, 5, 2.7098954858908986], [13, 6, 2.5998209429736145], [13, 7, 2.5254941295155353], [13, 8, 2.5834914712100465], [13, 9, 2.91092563683981], [13, 10, 2.6955018566471947], [13, 11, 2.682692976058429], [13, 12, 2.7250490229749427], [13, 14, 2.7670432222072523], [13, 15, 2.8748092510512953], [13, 16, 2.9390759987290203], [13, 17, 2.696241459789286], [13, 18, 2.893481162321512], [13, 19, 2.876626728011919], [13, 20, 2.631530992496434], [13, 21, 2.700425795708874], [13, 22, 2.823655559340458], [13, 23, 2.9904319974856017], [13, 24, 2.6888270380599035], [13, 25, 2.8958450436077827], [13, 26, 2.8936046611733692], [13, 27, 2.685390552788818], [13, 28, 2.856560430083043], [13, 29, 2.9184485294743276], [13, 30, 2.970553332023746], [13, 31, 2.6244839653070633], [13, 32, 2.638996822520701], [13, 33, 2.664716643286697], [13, 34, 2.5634043553091743], [13, 35, 2.9866808934982525], [13, 36, 2.7402749527739134], [13, 37, 2.8856930456454135], [13, 38, 2.8367905414044836], [13, 39, 2.6517124436971526], [13, 40, 2.946100130646173], [13, 41, 2.937120906022396], [13, 42, 2.853574041303533], [13, 43, 2.758106073923247], [13, 44, 2.546400279242767], [13, 45, 2.981558268645514], [13, 46, 2.904272761734201], [13, 47, 2.7810576490459784], [13, 48, 2.9949844662023355], [13, 49, 2.6503998771331254], [13, 50, 2.8870586304850363], [13, 51, 2.926144710343932], [13, 52, 2.630171491795089], [13, 53, 2.548098640847505], [13, 54, 2.5312276350185563], [13, 55, 2.7801586187923326], [13, 56, 2.9888139166412158], [13, 57, 2.5641185230679078], [13, 58, 2.6058562107800185], [13, 59, 2.963946359763046], [13, 60, 2.6086589998757646], [13, 61, 2.645197465005899], [13, 62, 2.8270394959049083], [13, 63, 2.767720633430054], [13, 64, 2.522494541635603], [13, 65, 2.8121180190570048], [13, 66, 2.72431992954029], [13, 67, 2.853449950907218], [13, 68, 2.882088406561606], [13, 69, 2.924973320789684], [13, 70, 2.996853472101392], [14, 0, 2.8087135271543717], [14, 1, 2.582744047225667], [14, 2, 2.9252680611703776], [14, 3, 2.7818028311779885], [14, 4, 2.618183131620982], [14, 5, 2.591251434304884], [14, 6, 2.8711031437696284], [14, 7, 2.826228865875771], [14, 8, 2.5820665595309036], [14, 9, 2.9047930576364505], [14, 10, 2.8963887715084855], [14, 11, 2.5579867789063107], [14, 12, 2.591613721441184], [14, 13, 2.7670432222072523], [14, 15, 2.9788778059883256], [14, 16, 2.622101371735173], [14, 17, 2.6209963603727786], [14, 18, 2.590198250771669], [14, 19, 2.5035880673361968], [14, 20, 2.8167308067197325], [14, 21, 2.925294464002623], [14, 22, 2.506192309669706], [14, 23, 2.701255838198591], [14, 24, 2.636731080056126], [14, 25, 2.6378702136155776], [14, 26, 2.9792761548619833], [14, 27, 2.871867146210021], [14, 28, 2.641489725507057], [14, 29, 2.6994736154494436], [14, 30, 2.599289632859228], [14, 31, 2.9871331998072836], [14, 32, 2.575803575040202], [14, 33, 2.6159661036169215], [14, 34, 2.752736543946025], [14, 35, 2.8325540720286497], [14, 36, 2.9720456831952604], [14, 37, 2.798800300738794], [14, 38, 2.7763848526999944], [14, 39, 2.9822545842764723], [14, 40, 2.998506424911123], [14, 41, 2.5597462204468644], [14, 42, 2.946970568956231], [14, 43, 2.8462583866321207], [14, 44, 2.6687917857477768], [14, 45, 2.974310749775488], [14, 46, 2.6534098763692544], [14, 47, 2.844383044602317], [14, 48, 2.752778756242229], [14, 49, 2.646615502257993], [14, 50, 2.8742751954891466], [14, 51, 2.8363453047766516], [14, 52, 2.7006634607895093], [14, 53, 2.8760312982381233], [14, 54, 2.9002265511574272], [14, 55, 2.745968473305989], [14, 56, 2.591654756177882], [14, 57, 2.901457712223878], [14, 58, 2.9626778187816427], [14, 59, 2.9502619462492197], [14, 60, 2.65228998959915], [14, 61, 2.679286514554013], [14, 62, 2.5413763782247925], [14, 63, 2.972928791717609], [14, 64, 2.5756238626930426], [14, 65, 2.9010552040080846], [14, 66, 2.6970444090722108], [14, 67, 2.682016960042867], [14, 68, 2.6175941190461387], [14, 69, 2.5660304555885265], [14, 70, 2.520079247154609], [15, 0, 2.9730879327265995], [15, 1, 2.7528989468964715], [15, 2, 2.620275788415513], [15, 3, 2.8516197780211705], [15, 4, 2.60577793007051], [15, 5, 2.625500806039648], [15, 6, 2.7779126333747657], [15, 7, 2.758335838793265], [15, 8, 2.8529934800109116], [15, 9, 2.7918235156831983], [15, 10, 2.5861034597131383], [15, 11, 2.5058475522639316], [15, 12, 2.5984431487979576], [15, 13, 2.8748092510512953], [15, 14, 2.9788778059883256], [15, 16, 2.63775486305222], [15, 17, 2.9593706230594696], [15, 18, 2.658061167442292], [15, 19, 2.557417880707552], [15, 20, 2.800508711691265], [15, 21, 2.514753441545899], [15, 22, 2.7640338642805027], [15, 23, 2.9136902264261972], [15, 24, 2.527360744598041], [15, 25, 2.8476249550337016], [15, 26, 2.7267199633148], [15, 27, 2.6577345406226938], [15, 28, 2.9629979767125603], [15, 29, 2.6913440989648914], [15, 30, 2.8046504282154174], [15, 31, 2.5106442173097], [15, 32, 2.9159501906875507], [15, 33, 2.8526703622553216], [15, 34, 2.5722965772214534], [15, 35, 2.701323262631231], [15, 36, 2.7966594845623565], [15, 37, 2.960611006193176], [15, 38, 2.77676631147858], [15, 39, 2.7608157247225233], [15, 40, 2.701006523815665], [15, 41, 2.562198639831071], [15, 42, 2.9244136477814733], [15, 43, 2.9223532316780805], [15, 44, 2.9875989032077133], [15, 45, 2.8860938866156545], [15, 46, 2.8223342262595392], [15, 47, 2.756483972069416], [15, 48, 2.8158557849051293], [15, 49, 2.6942971892010137], [15, 50, 2.6258630597014214], [15, 51, 2.5362473720945333], [15, 52, 2.5096169911519715], [15, 53, 2.863074199412625], [15, 54, 2.789069489090579], [15, 55, 2.8776758866080403], [15, 56, 2.6317911553225204], [15, 57, 2.915341792594962], [15, 58, 2.555717900571378], [15, 59, 2.8784006998305225], [15, 60, 2.6705242793219606], [15, 61, 2.7775656390517587], [15, 62, 2.646216853100545], [15, 63, 2.8594933409209475], [15, 64, 2.8929953183197643], [15, 65, 2.750207350739902], [15, 66, 2.837790108822362], [15, 67, 2.854739868840534], [15, 68, 2.9530252247642435], [15, 69, 2.7051251993777523], [15, 70, 2.6244362121181206], [16, 0, 2.727555525346787], [16, 1, 2.5403845651623547], [16, 2, 2.784807414419898], [16, 3, 2.6641675936032767], [16, 4, 2.739356331116732], [16, 5, 2.7624844065150085], [16, 6, 2.9142306713801265], [16, 7, 2.887750164353763], [16, 8, 2.5845135756295265], [16, 9, 2.6205444787809964], [16, 10, 2.574471620879713], [16, 11, 2.9954858109434195], [16, 12, 2.6955923115210165], [16, 13, 2.9390759987290203], [16, 14, 2.622101371735173], [16, 15, 2.63775486305222], [16, 17, 2.571089781790197], [16, 18, 2.8413659047495714], [16, 19, 2.5115407568611507], [16, 20, 2.5090867114411033], [16, 21, 2.9612418936740625], [16, 22, 2.9058276010155604], [16, 23, 2.646413630210847], [16, 24, 2.5743181498169485], [16, 25, 2.675923022065156], [16, 26, 2.791711238720692], [16, 27, 2.6188201889119855], [16, 28, 2.747102176030617], [16, 29, 2.8518536949991393], [16, 30, 2.582515917031344], [16, 31, 2.8899732757221277], [16, 32, 2.668614289426263], [16, 33, 2.5366530006368073], [16, 34, 2.7269863260767577], [16, 35, 2.9456908901104946], [16, 36, 2.557333493939365], [16, 37, 2.8505043293675385], [16, 38, 2.938925579578017], [16, 39, 2.822603155047675], [16, 40, 2.5088954785111177], [16, 41, 2.917593257329334], [16, 42, 2.8750708695723595], [16, 43, 2.7344753981224086], [16, 44, 2.6795289461671743], [16, 45, 2.8174025870517196], [16, 46, 2.8972320357789245], [16, 47, 2.9692372562925295], [16, 48, 2.9766717388259103], [16, 49, 2.6452558518061027], [16, 50, 2.7880937865528503], [16, 51, 2.997208745530239], [16, 52, 2.6114926649744796], [16, 53, 2.603842537366126], [16, 54, 2.7746300125846224], [16, 55, 2.6768345305381294], [16, 56, 2.7889107322254385], [16, 57, 2.8549522783567567], [16, 58, 2.830296180447317], [16, 59, 2.503110574702095], [16, 60, 2.570650599823924], [16, 61, 2.7149853849291485], [16, 62, 2.877297138275424], [16, 63, 2.9851418878503333], [16, 64, 2.8846275371049557], [16, 65, 2.9429572514196236], [16, 66, 2.7600210649585337], [16, 67, 2.902927791525383], [16, 68, 2.5650486401652124], [16, 69, 2.644104691867479], [16, 70, 2.914090551006395], [17, 0, 2.6269541538820036], [17, 1, 2.8527621088213775], [17, 2, 2.9285539262593145], [17, 3, 2.696076249950174], [17, 4, 2.9820603789734434], [17, 5, 2.7271187749753945], [17, 6, 2.54641536631364], [17, 7, 2.792009257200121], [17, 8, 2.862532600833588], [17, 9, 2.883718730803416], [17, 10, 2.5060868202802933], [17, 11, 2.9734879215712597], [17, 12, 2.7060530842526465], [17, 13, 2.696241459789286], [17, 14, 2.6209963603727786], [17, 15, 2.9593706230594696], [17, 16, 2.571089781790197], [17, 18, 2.540205090818265], [17, 19, 2.7539803376224805], [17, 20, 2.5859256402011317], [17, 21, 2.94719678163442], [17, 22, 2.6970686153017533], [17, 23, 2.6296796964257467], [17, 24, 2.793085318386705], [17, 25, 2.633757075082923], [17, 26, 2.580686492360003], [17, 27, 2.9278360253368247], [17, 28, 2.8716978174300016], [17, 29, 2.9683638379598025], [17, 30, 2.600387861330279], [17, 31, 2.7723967998814416], [17, 32, 2.836190424838606], [17, 33, 2.913518864155547], [17, 34, 2.8271170788582376], [17, 35, 2.513611156649526], [17, 36, 2.6567212712249493], [17, 37, 2.9134270962615636], [17, 38, 2.9325111158095076], [17, 39, 2.5130187985653007], [17, 40, 2.633215000428632], [17, 41, 2.6789215821741283], [17, 42, 2.6472406193895406], [17, 43, 2.9355026366299537], [17, 44, 2.9751585459236587], [17, 45, 2.7669592107296412], [17, 46, 2.8262729416852315], [17, 47, 2.7620357720908553], [17, 48, 2.8281306918602374], [17, 49, 2.716849488329876], [17, 50, 2.7073401515788103], [17, 51, 2.913313939892467], [17, 52, 2.5830549928373285], [17, 53, 2.8913405343160954], [17, 54, 2.6246100310467817], [17, 55, 2.6289047174361677], [17, 56, 2.5595052708414983], [17, 57, 2.803498684968416], [17, 58, 2.735058985617975], [17, 59, 2.726861196733086], [17, 60, 2.8502870246698424], [17, 61, 2.605321615730282], [17, 62, 2.5268455310012135], [17, 63, 2.7987487200545136], [17, 64, 2.6983327829406187], [17, 65, 2.857354130216131], [17, 66, 2.5683554556243884], [17, 67, 2.7526823927556867], [17, 68, 2.9229940314963496], [17, 69, 2.974336593727057], [17, 70, 2.9399459217232966], [18, 0, 2.997642034797339], [18, 1, 2.512035220480516], [18, 2, 2.5999667992714293], [18, 3, 2.64814231060304], [18, 4, 2.800552182326057], [18, 5, 2.731791786707586], [18, 6, 2.5433426542293187], [18, 7, 2.557017111873736], [18, 8, 2.9298381050923723], [18, 9, 2.581672253314135], [18, 10, 2.8945036064882723], [18, 11, 2.8939573570537274], [18, 12, 2.7038667304930577], [18, 13, 2.893481162321512], [18, 14, 2.590198250771669], [18, 15, 2.658061167442292], [18, 16, 2.8413659047495714], [18, 17, 2.540205090818265], [18, 19, 2.5876301809098066], [18, 20, 2.859561247624251], [18, 21, 2.610440694411914], [18, 22, 2.6167649838487956], [18, 23, 2.9364119944254585], [18, 24, 2.9424688870434625], [18, 25, 2.966718529860727], [18, 26, 2.86350929741642], [18, 27, 2.91988032662524], [18, 28, 2.8452974627364713], [18, 29, 2.7207626892057433], [18, 30, 2.9767370061913283], [18, 31, 2.861781128744213], [18, 32, 2.543410631159367], [18, 33, 2.7629332292013524], [18, 34, 2.871893981621996], [18, 35, 2.522340461818711], [18, 36, 2.554675491826144], [18, 37, 2.641445349578701], [18, 38, 2.547184425884133], [18, 39, 2.749439772243149], [18, 40, 2.987283892067382], [18, 41, 2.784195121182648], [18, 42, 2.799518332513456], [18, 43, 2.95809505002889], [18, 44, 2.6730394951626293], [18, 45, 2.564822792723291], [18, 46, 2.673596557695821], [18, 47, 2.9092316007655175], [18, 48, 2.900875806282941], [18, 49, 2.9136957401803523], [18, 50, 2.9397524160303634], [18, 51, 2.859109398603832], [18, 52, 2.9948558685336124], [18, 53, 2.9447633625002814], [18, 54, 2.534794601633773], [18, 55, 2.9798201198565044], [18, 56, 2.8073603989989806], [18, 57, 2.6715805453305395], [18, 58, 2.8389001537854366], [18, 59, 2.98117028357733], [18, 60, 2.778192185003981], [18, 61, 2.6031795072824666], [18, 62, 2.5207307825262246], [18, 63, 2.7429910659022063], [18, 64, 2.9176545384969064], [18, 65, 2.618934854447528], [18, 66, 2.8608552410591397], [18, 67, 2.87437486923272], [18, 68, 2.574368487106873], [18, 69, 2.5392378805231246], [18, 70, 2.5533455148221913], [19, 0, 2.5117597961580724], [19, 1, 2.98054149547096], [19, 2, 2.8214775579376528], [19, 3, 2.7454149749061347], [19, 4, 2.5652651342913373], [19, 5, 2.802456070301191], [19, 6, 2.504086209405889], [19, 7, 2.532104054262728], [19, 8, 2.5548691521009665], [19, 9, 2.8496350670970605], [19, 10, 2.752026843826051], [19, 11, 2.510952550304728], [19, 12, 2.6750588272527365], [19, 13, 2.876626728011919], [19, 14, 2.5035880673361968], [19, 15, 2.557417880707552], [19, 16, 2.5115407568611507], [19, 17, 2.7539803376224805], [19, 18, 2.5876301809098066], [19, 20, 2.5292791452445087], [19, 21, 2.7344739096429524], [19, 22, 2.7773682068742698], [19, 23, 2.6779074863939396], [19, 24, 2.936546906501842], [19, 25, 2.973221548654178], [19, 26, 2.8997396508137983], [19, 27, 2.7268068311469364], [19, 28, 2.5630787228075094], [19, 29, 2.7814398007194843], [19, 30, 2.506765198324242], [19, 31, 2.5686220310599346], [19, 32, 2.9817582399482845], [19, 33, 2.8745671376357893], [19, 34, 2.9392276303613736], [19, 35, 2.7680549655398843], [19, 36, 2.7379989776322455], [19, 37, 2.7372562589772027], [19, 38, 2.8490234869081457], [19, 39, 2.619864397293074], [19, 40, 2.804071782683369], [19, 41, 2.90299543914505], [19, 42, 2.5873089061228134], [19, 43, 2.747611402276984], [19, 44, 2.920727661815519], [19, 45, 2.5130072378965713], [19, 46, 2.960485926400149], [19, 47, 2.8045628282770423], [19, 48, 2.8022700901957274], [19, 49, 2.938402006868951], [19, 50, 2.789965783985342], [19, 51, 2.5311875711534633], [19, 52, 2.8676122216331996], [19, 53, 2.9964603425273837], [19, 54, 2.8954392812132